Date,Open,High,Low,Close,Volume,Change
2000-04-27,534,543,502,510,46890,
2000-04-28,502,531,502,519,33020,0.01764705882352935
2000-05-02,536,536,506,532,55620,0.025048169556840083
2000-05-03,531,538,520,528,23540,-0.007518796992481258
2000-05-04,527,570,520,539,49810,0.02083333333333326
2000-05-08,538,550,531,539,36860,0.0
2000-05-09,563,563,534,535,28740,-0.007421150278293154
2000-05-10,534,538,516,535,31010,0.0
2000-05-12,533,533,502,521,15920,-0.0261682242990654
2000-05-15,502,506,480,503,15090,-0.03454894433781186
2000-05-16,484,502,480,499,8360,-0.007952286282306154
2000-05-17,502,502,455,456,14080,-0.08617234468937873
2000-05-18,448,448,421,435,12350,-0.046052631578947345
2000-05-19,434,448,419,449,17120,0.03218390804597693
2000-05-22,455,455,423,431,15760,-0.04008908685968815
2000-05-23,430,445,423,445,19820,0.03248259860788871
2000-05-24,423,462,423,460,13790,0.03370786516853941
2000-05-25,459,491,459,492,18820,0.06956521739130439
2000-05-26,468,486,455,470,14840,-0.04471544715447151
2000-05-29,466,486,454,470,11610,0.0
2000-05-30,470,534,470,532,36080,0.13191489361702136
2000-05-31,538,549,520,521,43940,-0.020676691729323293
2000-06-01,524,524,506,521,16620,0.0
2000-06-02,511,527,502,519,33580,-0.0038387715930902067
2000-06-05,513,547,513,535,46180,0.030828516377649384
2000-06-07,527,574,522,544,55470,0.016822429906542036
2000-06-08,549,574,541,575,101640,0.05698529411764697
2000-06-09,565,599,565,593,94960,0.03130434782608704
2000-06-12,592,646,592,603,106280,0.01686340640809436
2000-06-13,595,602,567,567,21840,-0.05970149253731338
2000-06-14,559,574,559,560,11830,-0.012345679012345734
2000-06-15,559,592,559,566,8980,0.010714285714285676
2000-06-16,565,574,545,560,15360,-0.010600706713780883
2000-06-19,556,574,556,571,9690,0.019642857142857073
2000-06-20,574,592,574,593,18230,0.038528896672504365
2000-06-21,574,592,574,578,5890,-0.025295109612141653
2000-06-22,585,585,568,573,6450,-0.00865051903114189
2000-06-23,574,581,572,573,7010,0.0
2000-06-26,572,595,572,582,15840,0.015706806282722585
2000-06-27,583,606,583,603,11590,0.03608247422680422
2000-06-28,603,620,592,614,14460,0.018242122719734688
2000-06-29,615,617,570,607,10550,-0.01140065146579805
2000-06-30,575,610,575,580,7630,-0.04448105436573313
2000-07-03,581,595,574,584,15430,0.006896551724137945
2000-07-04,581,590,563,564,10000,-0.03424657534246578
2000-07-05,566,574,549,564,9600,0.0
2000-07-06,556,567,549,558,8750,-0.010638297872340385
2000-07-07,552,592,550,575,16270,0.03046594982078843
2000-07-10,574,577,559,560,5950,-0.02608695652173909
2000-07-11,559,570,538,540,13320,-0.0357142857142857
2000-07-12,552,563,538,548,6340,0.014814814814814836
2000-07-13,547,554,538,544,5790,-0.007299270072992692
2000-07-14,543,550,527,539,11950,-0.009191176470588203
2000-07-18,538,543,516,524,8100,-0.0278293135435993
2000-07-19,509,524,491,501,6990,-0.043893129770992356
2000-07-20,529,529,495,503,5850,0.003992015968063978
2000-07-21,506,520,491,503,6630,0.0
2000-07-24,502,502,480,485,6770,-0.035785288270377746
2000-07-25,484,484,463,485,19000,0.0
2000-07-26,470,495,461,496,4550,0.02268041237113394
2000-07-27,470,491,470,492,3410,-0.008064516129032251
2000-07-28,495,498,477,488,4460,-0.008130081300813052
2000-07-31,471,498,471,481,4460,-0.014344262295082011
2000-08-01,480,502,477,497,8860,0.033264033264033266
2000-08-02,486,500,486,499,6030,0.004024144869215318
2000-08-03,491,502,486,499,5400,0.0
2000-08-04,489,498,479,483,4760,-0.03206412825651306
2000-08-07,479,479,462,476,7540,-0.01449275362318836
2000-08-08,480,484,464,470,5110,-0.012605042016806678
2000-08-09,462,495,462,492,6280,0.04680851063829783
2000-08-10,479,479,472,478,8410,-0.028455284552845517
2000-08-11,498,520,482,503,63610,0.05230125523012563
2000-08-14,513,523,506,506,21400,0.005964214711729587
2000-08-16,506,523,506,515,18310,0.01778656126482203
2000-08-17,506,531,491,515,13890,0.0
2000-08-18,520,520,498,503,5610,-0.023300970873786353
2000-08-21,504,504,484,485,6630,-0.035785288270377746
2000-08-22,484,495,479,492,8240,0.014432989690721598
2000-08-23,500,500,477,492,4640,0.0
2000-08-24,491,491,480,483,4220,-0.018292682926829285
2000-08-25,479,489,477,485,4900,0.0041407867494824835
2000-08-28,477,506,477,499,7810,0.028865979381443196
2000-08-29,489,506,486,499,2480,0.0
2000-08-30,488,513,488,503,17180,0.008016032064128265
2000-08-31,502,502,480,488,6870,-0.02982107355864816
2000-09-01,488,495,466,496,5890,0.016393442622950838
2000-09-04,480,513,480,508,22610,0.024193548387096753
2000-09-05,511,514,502,508,11280,0.0
2000-09-06,516,516,502,506,11360,-0.003937007874015741
2000-09-07,513,513,498,506,5790,0.0
2000-09-08,509,509,491,503,3630,-0.005928853754940677
2000-09-14,480,484,466,467,15570,-0.07157057654075549
2000-09-15,482,484,468,472,14580,0.010706638115631772
2000-09-18,472,472,419,438,14460,-0.07203389830508478
2000-09-19,403,437,403,438,16280,0.0
2000-09-20,430,455,430,444,16780,0.013698630136986356
2000-09-21,454,454,423,429,9310,-0.03378378378378377
2000-09-22,430,434,407,409,7430,-0.046620046620046596
2000-09-25,421,468,412,426,25100,0.041564792176039145
2000-09-26,432,454,432,438,28240,0.028169014084507005
2000-09-27,445,445,430,438,12060,0.0
2000-09-28,441,441,427,429,12280,-0.020547945205479423
2000-09-29,434,453,423,442,20510,0.030303030303030276
2000-10-02,430,448,423,445,15210,0.006787330316742057
2000-10-04,437,463,430,463,21610,0.04044943820224711
2000-10-05,463,470,452,463,12530,0.0
2000-10-06,455,473,454,470,19450,0.015118790496760237
2000-10-09,464,472,459,463,5620,-0.014893617021276562
2000-10-10,455,470,455,463,10990,0.0
2000-10-11,459,463,445,453,9630,-0.021598272138228958
2000-10-12,452,471,439,449,12340,-0.008830022075055233
2000-10-13,432,448,427,449,12610,0.0
2000-10-16,462,479,455,474,20240,0.055679287305122394
2000-10-17,479,516,470,485,64530,0.02320675105485237
2000-10-18,491,498,468,483,24220,-0.004123711340206171
2000-10-19,484,497,479,494,19450,0.022774327122153215
2000-10-20,482,500,480,501,21470,0.014170040485830038
2000-10-23,482,500,473,474,13070,-0.053892215568862256
2000-10-24,480,480,466,470,23760,-0.008438818565400852
2000-10-25,473,486,468,469,15440,-0.0021276595744680327
2000-10-26,470,472,459,462,8810,-0.014925373134328401
2000-10-27,470,480,453,467,19230,0.010822510822510845
2000-10-30,466,466,437,447,16400,-0.04282655246252676
2000-10-31,434,446,428,442,10090,-0.01118568232662187
2000-11-01,434,452,430,447,13530,0.011312217194570096
2000-11-02,436,464,436,463,29860,0.03579418344519025
2000-11-03,463,470,454,463,17100,0.0
2000-11-06,455,473,455,458,10880,-0.010799136069114423
2000-11-07,461,470,452,462,8630,0.008733624454148492
2000-11-08,470,470,448,451,9720,-0.023809523809523836
2000-11-09,450,461,443,462,12360,0.024390243902439046
2000-11-10,445,463,445,453,28660,-0.01948051948051943
2000-11-13,450,450,436,442,8710,-0.02428256070640178
2000-11-14,441,444,436,442,6730,0.0
2000-11-15,445,450,441,445,35860,0.006787330316742057
2000-11-16,448,448,427,435,22220,-0.022471910112359605
2000-11-17,437,437,419,426,37290,-0.020689655172413834
2000-11-20,427,432,423,424,14410,-0.0046948356807511304
2000-11-21,423,425,414,417,22510,-0.01650943396226412
2000-11-22,412,428,412,422,21420,0.011990407673860837
2000-11-23,416,443,412,436,26710,0.033175355450236976
2000-11-24,444,452,423,426,47890,-0.022935779816513735
2000-11-27,427,439,425,435,26060,0.021126760563380254
2000-11-28,430,439,419,420,13430,-0.03448275862068961
2000-11-29,416,416,398,415,31320,-0.011904761904761862
2000-11-30,407,410,401,408,15910,-0.016867469879518038
2000-12-01,394,409,394,397,13530,-0.026960784313725505
2000-12-04,396,410,380,384,19280,-0.032745591939546626
2000-12-05,376,384,371,381,14420,-0.0078125
2000-12-06,387,391,380,381,13510,0.0
2000-12-07,380,394,371,393,22050,0.03149606299212593
2000-12-08,393,400,389,391,8700,-0.0050890585241730735
2000-12-11,384,409,384,399,9030,0.020460358056265893
2000-12-12,400,401,389,391,8710,-0.020050125313283207
2000-12-13,391,403,385,402,5990,0.028132992327365658
2000-12-14,394,403,391,397,11930,-0.01243781094527363
2000-12-15,396,412,391,393,17950,-0.010075566750629705
2000-12-18,387,401,387,393,5090,0.0
2000-12-19,401,421,394,404,36750,0.027989821882951738
2000-12-20,410,410,389,390,16460,-0.034653465346534684
2000-12-21,378,401,375,395,11620,0.012820512820512775
2000-12-22,378,401,378,393,18730,-0.005063291139240533
2000-12-26,389,407,387,408,13150,0.03816793893129766
2001-01-02,403,403,391,395,20900,-0.031862745098039214
2001-01-03,394,394,378,384,16330,-0.027848101265822822
2001-01-04,396,400,387,391,21300,0.01822916666666674
2001-01-05,394,437,382,409,111740,0.04603580562659837
2001-01-08,412,423,401,415,48770,0.014669926650366705
2001-01-09,416,437,414,435,72050,0.04819277108433728
2001-01-10,437,437,405,409,31360,-0.05977011494252871
2001-01-11,412,423,405,406,27100,-0.007334963325183352
2001-01-12,409,427,405,422,31510,0.039408866995073843
2001-01-15,419,423,412,415,17670,-0.016587677725118488
2001-01-16,410,416,407,408,10770,-0.016867469879518038
2001-01-17,405,412,401,413,16270,0.01225490196078427
2001-01-18,412,412,389,406,23950,-0.016949152542372836
2001-01-19,398,409,398,402,20560,-0.009852216748768461
2001-01-22,401,409,401,406,16560,0.00995024875621886
2001-01-26,405,405,394,395,9850,-0.027093596059113323
2001-01-29,401,405,387,399,12500,0.010126582278481067
2001-01-30,398,409,398,406,20500,0.01754385964912286
2001-01-31,405,410,401,408,10440,0.0049261083743843415
2001-02-01,410,412,401,409,16770,0.002450980392156854
2001-02-02,405,410,401,404,8500,-0.012224938875305624
2001-02-05,396,414,396,402,27200,-0.004950495049504955
2001-02-06,409,412,398,409,11320,0.017412935323383172
2001-02-07,403,409,394,409,10840,0.0
2001-02-08,400,405,398,404,9800,-0.012224938875305624
2001-02-09,398,407,396,402,15740,-0.004950495049504955
2001-02-12,398,403,396,402,11070,0.0
2001-02-13,407,419,403,417,112840,0.03731343283582089
2001-02-14,423,427,414,417,38590,0.0
2001-02-15,416,423,403,408,49620,-0.021582733812949617
2001-02-16,412,418,405,413,42010,0.01225490196078427
2001-02-19,403,410,403,406,20120,-0.016949152542372836
2001-02-20,407,430,405,422,54470,0.039408866995073843
2001-02-21,412,430,409,413,103960,-0.021327014218009532
2001-02-22,412,416,405,417,35560,0.009685230024213176
2001-02-23,425,450,416,431,98660,0.033573141486810565
2001-02-26,441,459,427,449,100220,0.0417633410672853
2001-02-27,448,455,421,431,52060,-0.04008908685968815
2001-02-28,430,432,418,427,40030,-0.009280742459396807
2001-03-02,423,430,412,420,30820,-0.016393442622950838
2001-03-05,410,421,409,422,25590,0.004761904761904745
2001-03-06,412,428,412,420,19700,-0.004739336492891044
2001-03-07,419,434,416,429,30520,0.021428571428571352
2001-03-08,434,434,423,424,20180,-0.011655011655011704
2001-03-09,430,430,419,420,10500,-0.009433962264150941
2001-03-12,416,419,409,409,16660,-0.02619047619047621
2001-03-13,401,401,387,390,23860,-0.04645476772616142
2001-03-14,398,398,389,391,56500,0.002564102564102555
2001-03-15,387,389,376,384,29600,-0.01790281329923271
2001-03-16,385,396,382,395,32680,0.02864583333333326
2001-03-19,394,401,389,402,26630,0.017721518987341867
2001-03-20,401,416,394,395,22440,-0.01741293532338306
2001-03-21,392,401,387,401,13350,0.0151898734177216
2001-03-22,396,401,389,391,6140,-0.02493765586034913
2001-03-23,394,394,385,386,7630,-0.012787723785166238
2001-03-26,394,394,387,391,9610,0.012953367875647714
2001-03-27,393,393,385,391,4080,0.0
2001-03-28,394,394,387,388,4000,-0.007672634271099765
2001-03-29,387,391,382,384,7660,-0.010309278350515427
2001-03-30,383,389,378,379,6430,-0.01302083333333337
2001-04-02,378,380,373,375,12960,-0.01055408970976257
2001-04-03,373,375,362,368,6740,-0.01866666666666672
2001-04-04,364,367,355,356,16080,-0.03260869565217395
2001-04-06,366,366,358,366,4890,0.028089887640449396
2001-04-09,373,373,358,365,3120,-0.002732240437158473
2001-04-10,364,369,358,368,5670,0.008219178082191858
2001-04-11,367,369,358,370,19870,0.005434782608695565
2001-04-12,369,369,357,368,16890,-0.00540540540540535
2001-04-13,367,369,362,368,17220,0.0
2001-04-16,367,367,358,366,18140,-0.005434782608695676
2001-04-17,360,366,360,365,8710,-0.002732240437158473
2001-04-18,364,376,364,375,25490,0.027397260273972712
2001-04-19,380,385,375,383,24750,0.021333333333333426
2001-04-20,382,387,373,386,19800,0.007832898172323688
2001-04-23,382,387,375,384,17080,-0.005181347150259086
2001-04-24,383,383,375,384,11660,0.0
2001-04-25,385,385,375,383,12400,-0.0026041666666666297
2001-04-26,382,382,373,383,12890,0.0
2001-04-27,382,382,375,377,5400,-0.015665796344647487
2001-04-30,378,382,373,383,14330,0.01591511936339529
2001-05-02,387,387,375,383,15930,0.0
2001-05-03,382,382,375,379,9790,-0.010443864229765065
2001-05-04,378,380,375,379,9090,0.0
2001-05-07,375,382,373,381,17830,0.005277044854881341
2001-05-08,380,382,376,379,18150,-0.005249343832021025
2001-05-09,376,376,371,377,15150,-0.00527704485488123
2001-05-10,373,376,369,377,7320,0.0
2001-05-11,376,392,373,386,40720,0.023872679045092937
2001-05-14,385,387,376,384,27480,-0.005181347150259086
2001-05-15,384,389,380,388,10620,0.01041666666666674
2001-05-16,389,405,383,395,53260,0.018041237113401998
2001-05-17,398,407,392,402,38750,0.017721518987341867
2001-05-18,394,394,384,388,24770,-0.03482587064676612
2001-05-21,389,394,387,391,31810,0.0077319587628865705
2001-05-22,394,405,392,395,27500,0.010230179028132946
2001-05-23,398,407,391,404,21450,0.022784810126582178
2001-05-24,401,403,391,404,19010,0.0
2001-05-25,412,418,403,408,28100,0.00990099009900991
2001-05-28,412,412,401,408,13620,0.0
2001-05-29,407,407,400,408,20040,0.0
2001-05-30,407,409,398,409,9650,0.002450980392156854
2001-05-31,401,407,398,404,16460,-0.012224938875305624
2001-06-01,405,434,401,427,94130,0.05693069306930698
2001-06-04,427,435,416,435,55270,0.0187353629976581
2001-06-05,434,434,409,413,30770,-0.05057471264367819
2001-06-07,409,414,401,404,14860,-0.021791767554479424
2001-06-08,403,410,401,411,15040,0.017326732673267342
2001-06-11,409,409,398,401,17880,-0.024330900243308973
2001-06-12,398,405,398,404,9440,0.007481296758104827
2001-06-13,405,407,401,404,11850,0.0
2001-06-14,405,414,403,411,33080,0.017326732673267342
2001-06-15,410,418,403,417,15790,0.014598540145985384
2001-06-18,418,428,416,418,26440,0.0023980815347721673
2001-06-19,416,423,410,417,19000,-0.0023923444976076125
2001-06-20,423,423,405,413,16160,-0.00959232613908878
2001-06-21,412,412,403,406,8860,-0.016949152542372836
2001-06-22,403,409,400,404,20010,-0.0049261083743842304
2001-06-25,405,405,398,401,18420,-0.007425742574257432
2001-06-26,401,401,392,401,20460,0.0
2001-06-27,391,398,391,399,7710,-0.004987531172069848
2001-06-28,392,398,391,395,4920,-0.010025062656641603
2001-06-29,391,401,391,402,17550,0.017721518987341867
2001-07-02,394,403,394,404,6220,0.004975124378109541
2001-07-03,398,403,396,402,7210,-0.004950495049504955
2001-07-04,401,403,394,401,4120,-0.0024875621890547706
2001-07-05,401,401,392,395,7770,-0.014962593516209433
2001-07-06,391,393,387,391,6940,-0.010126582278481067
2001-07-09,387,387,373,381,9470,-0.025575447570332477
2001-07-10,376,382,373,381,6130,0.0
2001-07-11,373,383,369,379,5800,-0.005249343832021025
2001-07-12,375,382,375,383,6330,0.01055408970976246
2001-07-13,382,391,376,377,6070,-0.015665796344647487
2001-07-16,369,384,369,381,1060,0.010610079575596787
2001-07-18,380,380,369,379,13310,-0.005249343832021025
2001-07-19,362,376,362,375,2720,-0.01055408970976257
2001-07-20,376,376,364,375,4560,0.0
2001-07-23,375,375,358,366,5800,-0.02400000000000002
2001-07-24,353,366,353,366,9590,0.0
2001-07-25,360,369,357,365,8700,-0.002732240437158473
2001-07-26,358,369,358,365,8170,0.0
2001-07-27,365,369,360,368,5400,0.008219178082191858
2001-07-30,364,367,362,366,6160,-0.005434782608695676
2001-07-31,360,369,360,370,8720,0.010928961748633892
2001-08-01,369,391,365,379,44650,0.024324324324324298
2001-08-02,376,378,367,374,9330,-0.01319261213720313
2001-08-03,369,371,364,372,6580,-0.005347593582887722
2001-08-06,369,373,366,366,13410,-0.016129032258064502
2001-08-07,369,371,365,370,2390,0.010928961748633892
2001-08-08,369,369,364,370,6600,0.0
2001-08-09,362,365,360,361,4480,-0.024324324324324298
2001-08-10,364,367,362,368,2950,0.01939058171745156
2001-08-13,367,367,362,366,12560,-0.005434782608695676
2001-08-14,362,373,362,372,13880,0.016393442622950838
2001-08-16,364,369,364,370,7480,-0.005376344086021501
2001-08-17,371,373,365,370,11520,0.0
2001-08-20,369,371,364,370,11400,0.0
2001-08-21,371,371,366,372,14050,0.00540540540540535
2001-08-22,371,387,369,377,31310,0.013440860215053752
2001-08-23,371,376,371,374,9940,-0.007957559681697646
2001-08-24,373,373,366,366,8350,-0.021390374331550777
2001-08-27,369,384,369,381,29150,0.040983606557376984
2001-08-28,376,394,376,386,68390,0.013123359580052396
2001-08-29,387,387,378,383,27540,-0.007772020725388629
2001-08-30,376,376,364,377,16310,-0.015665796344647487
2001-08-31,365,376,362,363,21460,-0.037135278514588865
2001-09-03,362,364,355,361,12580,-0.0055096418732781816
2001-09-04,360,382,356,375,30860,0.03878116343490312
2001-09-05,375,375,358,366,3420,-0.02400000000000002
2001-09-06,373,373,366,366,2810,0.0
2001-09-07,365,373,362,370,4310,0.010928961748633892
2001-09-10,364,382,364,381,14260,0.029729729729729648
2001-09-11,387,391,376,381,18690,0.0
2001-09-12,328,340,325,334,28290,-0.12335958005249348
2001-09-13,351,358,337,357,14990,0.06886227544910173
2001-09-14,343,354,304,338,24020,-0.053221288515406195
2001-09-17,337,387,324,344,18930,0.01775147928994092
2001-09-18,327,366,327,359,15800,0.043604651162790775
2001-09-19,349,366,348,366,5130,0.01949860724233976
2001-09-20,373,373,353,370,9040,0.010928961748633892
2001-09-21,358,369,358,365,6020,-0.013513513513513487
2001-09-24,369,369,356,366,9830,0.00273972602739736
2001-09-25,373,373,360,366,6790,0.0
2001-09-26,360,369,357,365,4930,-0.002732240437158473
2001-09-27,369,369,357,365,2550,0.0
2001-09-28,364,366,358,366,3880,0.00273972602739736
2001-10-04,366,369,358,366,19980,0.0
2001-10-05,362,366,358,365,9780,-0.002732240437158473
2001-10-08,362,362,357,361,6650,-0.010958904109588996
2001-10-09,358,367,358,365,6750,0.011080332409972193
2001-10-10,358,364,358,365,4440,0.0
2001-10-11,364,371,362,366,10570,0.00273972602739736
2001-10-12,369,373,362,366,9810,0.0
2001-10-15,366,367,362,366,4470,0.0
2001-10-16,366,380,366,381,12430,0.040983606557376984
2001-10-17,378,400,376,390,29800,0.023622047244094446
2001-10-18,376,389,376,390,6580,0.0
2001-10-19,380,393,380,388,5820,-0.00512820512820511
2001-10-22,387,391,384,388,8660,0.0
2001-10-23,387,387,378,379,9610,-0.023195876288659822
2001-10-24,380,387,373,374,10870,-0.01319261213720313
2001-10-25,376,380,375,375,4620,0.002673796791443861
2001-10-26,373,376,373,377,1580,0.005333333333333412
2001-10-29,373,378,373,379,4690,0.0053050397877985045
2001-10-30,371,375,369,375,5960,-0.01055408970976257
2001-10-31,371,380,369,370,6020,-0.013333333333333308
2001-11-01,369,373,365,368,8530,-0.00540540540540535
2001-11-02,375,378,366,366,5790,-0.005434782608695676
2001-11-05,376,376,365,368,3940,0.005464480874316946
2001-11-06,369,375,369,375,4400,0.01902173913043481
2001-11-07,369,373,367,370,6160,-0.013333333333333308
2001-11-08,371,373,367,370,7690,0.0
2001-11-09,369,371,367,370,3530,0.0
2001-11-12,367,376,367,374,12440,0.0108108108108107
2001-11-13,373,376,366,374,10110,0.0
2001-11-14,371,383,371,384,17030,0.02673796791443861
2001-11-15,382,387,376,381,24670,-0.0078125
2001-11-16,380,380,373,374,11030,-0.018372703412073532
2001-11-19,376,385,376,386,26160,0.03208556149732611
2001-11-20,389,392,378,379,22280,-0.01813471502590669
2001-11-21,380,394,380,386,18790,0.01846965699208436
2001-11-22,394,409,387,406,85260,0.051813471502590636
2001-11-23,398,410,396,397,30630,-0.022167487684729092
2001-11-26,409,409,394,404,48420,0.017632241813602123
2001-11-27,405,407,396,401,31690,-0.007425742574257432
2001-11-28,391,393,373,381,34950,-0.04987531172069826
2001-11-29,373,384,373,381,12530,0.0
2001-11-30,387,387,380,381,16050,0.0
2001-12-03,384,394,376,388,7640,0.018372703412073532
2001-12-04,391,401,384,399,14260,0.028350515463917425
2001-12-05,405,405,394,402,15310,0.007518796992481258
2001-12-06,394,405,387,395,19790,-0.01741293532338306
2001-12-07,401,418,398,409,27630,0.03544303797468351
2001-12-10,416,416,398,399,18130,-0.02444987775061125
2001-12-11,398,405,394,399,8190,0.0
2001-12-12,398,403,393,399,16820,0.0
2001-12-13,405,405,392,395,15680,-0.010025062656641603
2001-12-14,394,401,387,391,13660,-0.010126582278481067
2001-12-17,385,396,385,390,7880,-0.002557544757033292
2001-12-18,391,394,382,383,10320,-0.017948717948717996
2001-12-19,387,430,385,431,25510,0.12532637075718012
2001-12-20,416,423,409,413,41460,-0.04176334106728541
2001-12-21,401,414,396,402,15680,-0.0266343825665859
2001-12-24,391,409,391,404,7190,0.004975124378109541
2001-12-26,405,414,401,409,19600,0.012376237623762387
2001-12-27,398,403,394,395,7490,-0.03422982885085579
2001-12-28,394,400,391,395,5920,0.0
2002-01-02,396,400,387,395,14082,0.0
2002-01-03,401,423,394,420,51810,0.06329113924050622
2002-01-04,430,480,423,453,233277,0.07857142857142851
2002-01-07,457,473,443,474,92440,0.04635761589403975
2002-01-08,466,477,450,453,59360,-0.044303797468354444
2002-01-09,459,504,455,494,141435,0.09050772626931569
2002-01-10,482,495,466,481,47920,-0.02631578947368418
2002-01-11,482,493,439,442,78140,-0.08108108108108103
2002-01-14,443,454,439,447,31620,0.011312217194570096
2002-01-15,441,450,430,438,33450,-0.020134228187919434
2002-01-16,432,448,432,449,35250,0.02511415525114158
2002-01-17,459,475,455,460,78280,0.024498886414253906
2002-01-18,463,470,448,453,30950,-0.01521739130434785
2002-01-21,452,463,436,463,51321,0.02207505518763786
2002-01-22,466,472,455,463,37722,0.0
2002-01-23,455,480,448,478,64009,0.03239740820734349
2002-01-24,484,488,463,472,58840,-0.012552301255230103
2002-01-25,488,509,484,496,132955,0.05084745762711873
2002-01-28,506,507,480,487,64230,-0.01814516129032262
2002-01-29,488,489,464,478,52530,-0.01848049281314168
2002-01-30,466,498,464,499,94216,0.043933054393305415
2002-01-31,502,533,495,521,189074,0.044088176352705455
2002-02-01,524,525,488,488,69060,-0.06333973128598847
2002-02-04,480,493,455,460,65780,-0.05737704918032782
2002-02-05,448,457,437,445,45050,-0.03260869565217395
2002-02-06,452,455,441,447,24820,0.004494382022471877
2002-02-07,445,466,443,456,39760,0.020134228187919545
2002-02-08,455,477,455,463,50570,0.015350877192982448
2002-02-14,473,473,455,472,53670,0.01943844492440605
2002-02-15,473,480,464,465,25710,-0.014830508474576232
2002-02-18,466,484,466,485,37333,0.043010752688172005
2002-02-19,484,484,472,472,20690,-0.026804123711340222
2002-02-20,473,484,452,460,42419,-0.025423728813559365
2002-02-21,468,477,466,474,37569,0.0304347826086957
2002-02-22,484,509,477,496,110588,0.04641350210970474
2002-02-25,502,502,480,492,34390,-0.008064516129032251
2002-02-26,495,497,484,492,47060,0.0
2002-02-27,488,506,488,503,58920,0.022357723577235866
2002-02-28,506,534,506,515,120930,0.02385685884691857
2002-03-04,515,522,500,510,54030,-0.009708737864077666
2002-03-05,514,514,491,499,34800,-0.021568627450980427
2002-03-06,491,500,488,501,36020,0.004008016032064132
2002-03-07,491,502,488,492,33500,-0.017964071856287456
2002-03-08,491,491,473,488,41860,-0.008130081300813052
2002-03-11,488,488,475,487,17660,-0.002049180327868827
2002-03-12,488,491,479,485,24293,-0.004106776180698102
2002-03-13,486,504,486,503,52893,0.03711340206185576
2002-03-14,498,502,488,501,26388,-0.003976143141153132
2002-03-15,504,520,498,514,65568,0.02594810379241519
2002-03-18,513,549,509,539,131030,0.048638132295719894
2002-03-19,545,549,525,549,66250,0.01855287569573294
2002-03-20,538,599,538,571,173090,0.04007285974499086
2002-03-21,567,585,559,584,94940,0.022767075306479923
2002-03-22,583,592,567,580,57380,-0.006849315068493178
2002-03-25,566,572,545,546,42190,-0.05862068965517242
2002-03-26,545,552,520,553,36020,0.012820512820512775
2002-03-27,541,552,534,553,21930,0.0
2002-03-28,545,574,541,557,22290,0.00723327305605781
2002-03-29,545,556,538,539,15560,-0.032315978456014416
2002-04-01,538,545,516,517,18450,-0.04081632653061229
2002-04-02,502,520,498,514,13420,-0.005802707930367523
2002-04-03,531,531,515,526,18660,0.023346303501945442
2002-04-04,520,527,502,517,20060,-0.017110266159695797
2002-04-08,516,525,507,519,40870,0.003868471953578423
2002-04-09,507,518,497,506,11640,-0.025048169556840083
2002-04-10,506,506,484,485,20080,-0.04150197628458496
2002-04-11,477,497,477,481,10680,-0.008247422680412342
2002-04-12,477,488,466,478,27230,-0.006237006237006182
2002-04-15,475,484,473,478,18350,0.0
2002-04-16,480,489,477,485,28810,0.014644351464435212
2002-04-17,491,497,486,492,23560,0.014432989690721598
2002-04-18,486,495,480,488,15314,-0.008130081300813052
2002-04-19,484,495,477,485,18800,-0.006147540983606592
2002-04-22,482,488,470,478,14060,-0.014432989690721598
2002-04-23,463,472,461,462,11940,-0.03347280334728031
2002-04-24,448,457,445,456,22221,-0.012987012987012991
2002-04-25,445,448,416,422,18270,-0.07456140350877194
2002-04-26,425,437,425,438,6450,0.03791469194312791
2002-04-29,423,436,423,426,8120,-0.0273972602739726
2002-04-30,425,430,419,431,6930,0.011737089201877993
2002-05-02,441,455,430,456,15820,0.058004640371229765
2002-05-03,466,466,432,436,17300,-0.04385964912280704
2002-05-06,430,432,419,420,18050,-0.03669724770642202
2002-05-07,416,425,409,411,17840,-0.021428571428571463
2002-05-08,410,430,410,417,21710,0.014598540145985384
2002-05-09,430,434,423,431,29760,0.033573141486810565
2002-05-10,425,443,423,444,8610,0.030162412993039345
2002-05-13,427,434,425,435,4110,-0.020270270270270285
2002-05-14,437,439,427,433,5300,-0.0045977011494252595
2002-05-15,437,437,425,438,14690,0.011547344110854452
2002-05-16,432,443,430,444,6240,0.013698630136986356
2002-05-17,432,445,432,438,7860,-0.013513513513513487
2002-05-20,437,443,432,444,3750,0.013698630136986356
2002-05-21,432,444,430,442,4370,-0.0045045045045044585
2002-05-22,455,455,434,445,5110,0.006787330316742057
2002-05-23,435,446,428,435,6070,-0.022471910112359605
2002-05-24,423,437,423,438,6590,0.006896551724137945
2002-05-27,437,437,425,426,5990,-0.0273972602739726
2002-05-28,423,430,423,427,1200,0.0023474178403755097
2002-05-29,423,430,419,431,3490,0.00936768149882905
2002-05-30,430,430,410,411,7140,-0.04640371229698381
2002-05-31,410,416,400,402,13880,-0.021897810218978075
2002-06-03,398,409,380,395,15241,-0.01741293532338306
2002-06-04,383,391,376,377,28970,-0.04556962025316458
2002-06-05,380,389,380,390,7240,0.034482758620689724
2002-06-07,380,387,376,377,9230,-0.033333333333333326
2002-06-10,376,385,376,383,11860,0.01591511936339529
2002-06-11,382,385,378,383,3410,0.0
2002-06-12,382,384,375,381,5480,-0.005221932114882533
2002-06-14,380,392,380,384,9840,0.007874015748031482
2002-06-17,387,391,382,388,6880,0.01041666666666674
2002-06-18,393,396,387,391,7170,0.0077319587628865705
2002-06-19,387,387,371,372,10120,-0.04859335038363166
2002-06-20,369,378,369,377,7870,0.013440860215053752
2002-06-21,371,383,371,384,6160,0.018567639257294433
2002-06-24,373,380,373,381,3170,-0.0078125
2002-06-25,384,384,376,381,7600,0.0
2002-06-26,378,378,358,361,25930,-0.05249343832021003
2002-06-27,360,373,360,363,11270,0.005540166204986097
2002-06-28,369,380,365,379,3110,0.0440771349862259
2002-07-02,373,378,373,379,2420,0.0
2002-07-03,378,389,378,386,2770,0.01846965699208436
2002-07-04,384,391,382,391,6320,0.012953367875647714
2002-07-05,391,407,391,399,8390,0.020460358056265893
2002-07-08,401,401,387,395,16490,-0.010025062656641603
2002-07-09,401,407,400,406,5100,0.02784810126582271
2002-07-10,405,407,398,404,5130,-0.0049261083743842304
2002-07-11,401,401,394,395,6880,-0.022277227722772297
2002-07-12,400,416,400,415,8790,0.05063291139240511
2002-07-15,416,418,407,408,4911,-0.016867469879518038
2002-07-16,418,418,398,404,5881,-0.009803921568627416
2002-07-18,403,409,401,409,2470,0.012376237623762387
2002-07-19,396,401,394,402,4540,-0.017114914425427896
2002-07-22,394,394,376,384,8020,-0.04477611940298509
2002-07-23,376,396,376,391,7330,0.01822916666666674
2002-07-24,385,394,384,388,4480,-0.007672634271099765
2002-07-25,391,401,387,390,6950,0.005154639175257714
2002-07-26,387,398,383,384,3600,-0.01538461538461533
2002-07-29,382,393,382,391,4920,0.01822916666666674
2002-07-30,401,401,391,395,2850,0.010230179028132946
2002-07-31,389,393,387,390,1520,-0.012658227848101222
2002-08-01,387,391,387,388,4050,-0.00512820512820511
2002-08-02,383,391,380,384,5060,-0.010309278350515427
2002-08-05,387,387,373,374,5760,-0.02604166666666663
2002-08-06,373,376,366,375,4540,0.002673796791443861
2002-08-07,380,387,376,381,4220,0.016000000000000014
2002-08-08,383,383,376,377,4050,-0.01049868766404205
2002-08-09,384,389,380,381,4070,0.010610079575596787
2002-08-12,380,391,380,390,1920,0.023622047244094446
2002-08-13,394,412,394,395,10860,0.012820512820512775
2002-08-14,391,405,389,402,3560,0.017721518987341867
2002-08-16,425,425,398,406,10150,0.00995024875621886
2002-08-19,405,409,385,395,16850,-0.027093596059113323
2002-08-20,401,403,394,395,6110,0.0
2002-08-21,391,401,391,397,7080,0.005063291139240533
2002-08-22,398,409,396,402,14880,0.012594458438287104
2002-08-23,409,409,401,406,4551,0.00995024875621886
2002-08-26,405,409,400,401,2771,-0.012315270935960632
2002-08-27,396,409,396,406,2568,0.012468827930174564
2002-08-28,405,405,398,399,3340,-0.017241379310344862
2002-08-29,396,398,391,395,3230,-0.010025062656641603
2002-08-30,391,405,391,399,7110,0.010126582278481067
2002-09-02,409,409,398,404,7220,0.012531328320801949
2002-09-03,401,409,398,402,5910,-0.004950495049504955
2002-09-04,396,407,391,399,5600,-0.007462686567164201
2002-09-05,398,428,398,426,63600,0.06766917293233088
2002-09-06,419,419,409,409,17360,-0.039906103286385
2002-09-09,418,418,362,393,20340,-0.03911980440097795
2002-09-10,387,400,387,397,10120,0.010178117048346147
2002-09-11,389,400,387,397,13060,0.0
2002-09-12,398,401,387,402,9520,0.012594458438287104
2002-09-13,391,401,391,399,5550,-0.007462686567164201
2002-09-16,398,398,387,391,5030,-0.020050125313283207
2002-09-17,393,396,391,397,2590,0.01534526854219953
2002-09-18,384,394,384,388,4960,-0.02267002518891692
2002-09-19,391,400,389,401,7820,0.03350515463917536
2002-09-23,403,405,394,406,13140,0.012468827930174564
2002-09-24,405,446,398,420,89741,0.034482758620689724
2002-09-25,416,423,394,406,19830,-0.033333333333333326
2002-09-26,410,423,403,420,17791,0.034482758620689724
2002-09-27,425,452,419,424,77270,0.00952380952380949
2002-09-30,418,423,391,397,26220,-0.06367924528301883
2002-10-01,384,391,378,388,17600,-0.02267002518891692
2002-10-02,400,401,380,381,16469,-0.01804123711340211
2002-10-04,378,391,378,391,6810,0.026246719160105014
2002-10-07,382,385,378,379,4765,-0.03069053708439895
2002-10-08,380,382,362,368,20241,-0.02902374670184693
2002-10-09,371,375,367,368,5370,0.0
2002-10-10,365,369,360,363,5590,-0.013586956521739135
2002-10-11,365,369,360,363,10780,0.0
2002-10-14,365,375,365,370,5390,0.019283746556473913
2002-10-15,367,373,366,372,3300,0.00540540540540535
2002-10-16,375,378,371,374,4770,0.005376344086021501
2002-10-17,362,376,362,366,6210,-0.021390374331550777
2002-10-18,373,378,369,379,5290,0.03551912568306004
2002-10-21,380,380,373,377,3270,-0.00527704485488123
2002-10-22,380,383,371,377,9670,0.0
2002-10-23,376,383,373,379,6460,0.0053050397877985045
2002-10-24,378,378,371,374,6340,-0.01319261213720313
2002-10-25,371,378,371,374,2670,0.0
2002-10-28,376,376,375,377,2470,0.008021390374331583
2002-10-29,376,385,375,384,5200,0.018567639257294433
2002-10-30,385,385,375,375,1120,-0.0234375
2002-10-31,376,380,375,375,1030,0.0
2002-11-01,373,375,369,375,3830,0.0
2002-11-04,376,380,373,381,5870,0.016000000000000014
2002-11-05,378,378,373,377,2610,-0.01049868766404205
2002-11-06,375,382,375,379,2180,0.0053050397877985045
2002-11-07,376,380,373,381,3580,0.005277044854881341
2002-11-08,375,376,375,377,1730,-0.01049868766404205
2002-11-11,376,376,369,370,2500,-0.018567639257294433
2002-11-12,365,373,365,370,710,0.0
2002-11-13,375,376,371,372,1700,0.00540540540540535
2002-11-14,376,376,369,377,1940,0.013440860215053752
2002-11-15,376,380,373,379,2260,0.0053050397877985045
2002-11-18,378,380,373,377,2400,-0.00527704485488123
2002-11-19,378,380,376,377,1390,0.0
2002-11-20,375,380,373,379,2230,0.0053050397877985045
2002-11-21,380,382,376,379,4490,0.0
2002-11-22,385,387,378,379,2930,0.0
2002-11-25,376,387,376,386,3340,0.01846965699208436
2002-11-26,382,387,380,386,1010,0.0
2002-11-27,383,392,383,393,4310,0.0181347150259068
2002-11-28,396,400,391,391,3490,-0.0050890585241730735
2002-11-29,398,410,387,399,22570,0.020460358056265893
2002-12-02,398,403,392,402,12190,0.007518796992481258
2002-12-03,405,405,391,399,13340,-0.007462686567164201
2002-12-04,391,396,391,395,4560,-0.010025062656641603
2002-12-05,389,400,389,395,3790,0.0
2002-12-06,400,400,391,395,3580,0.0
2002-12-09,391,398,391,395,1650,0.0
2002-12-10,391,394,387,390,3300,-0.012658227848101222
2002-12-11,391,394,387,393,3310,0.007692307692307665
2002-12-12,396,401,391,402,4550,0.022900763358778553
2002-12-13,396,400,392,395,5780,-0.01741293532338306
2002-12-16,393,394,389,390,2930,-0.012658227848101222
2002-12-17,394,394,380,388,13570,-0.00512820512820511
2002-12-18,391,393,387,390,5660,0.005154639175257714
2002-12-20,392,394,389,393,2000,0.007692307692307665
2002-12-23,394,394,384,388,4070,-0.012722646310432517
2002-12-24,387,391,382,384,2369,-0.010309278350515427
2002-12-26,383,383,376,384,7349,0.0
2002-12-27,382,382,369,374,3420,-0.02604166666666663
2002-12-30,369,373,360,374,8090,0.0
2003-01-02,365,380,365,370,430,-0.010695187165775444
2003-01-03,371,373,369,370,4110,0.0
2003-01-06,369,373,362,370,2180,0.0
2003-01-07,369,375,362,365,7260,-0.013513513513513487
2003-01-08,364,366,362,365,1170,0.0
2003-01-09,362,366,358,359,7780,-0.016438356164383605
2003-01-10,366,367,355,359,5350,0.0
2003-01-13,358,369,358,363,3530,0.011142061281337101
2003-01-14,366,367,360,366,1310,0.008264462809917328
2003-01-15,375,375,362,366,410,0.0
2003-01-16,362,369,362,365,2020,-0.002732240437158473
2003-01-17,364,364,360,361,1440,-0.010958904109588996
2003-01-20,362,362,356,359,4130,-0.005540166204986097
2003-01-21,354,362,354,359,2860,0.0
2003-01-22,358,358,355,359,3250,0.0
2003-01-23,358,365,355,361,2810,0.0055710306406684396
2003-01-24,364,364,356,359,2980,-0.005540166204986097
2003-01-27,351,357,346,354,3620,-0.013927576601671321
2003-01-28,348,353,341,353,1480,-0.0028248587570621764
2003-01-29,347,352,341,352,2600,-0.0028328611898017497
2003-01-30,348,350,340,345,5215,-0.019886363636363646
2003-02-03,348,348,341,348,560,0.008695652173912993
2003-02-04,343,351,343,352,650,0.011494252873563315
2003-02-05,350,351,346,352,340,0.0
2003-02-06,348,351,348,352,830,0.0
2003-02-07,351,351,342,349,2390,-0.008522727272727293
2003-02-10,344,351,344,350,1020,0.002865329512893977
2003-02-11,347,349,340,347,3250,-0.008571428571428563
2003-02-12,347,349,347,350,330,0.008645533141210304
2003-02-13,349,376,344,349,38440,-0.0028571428571428914
2003-02-14,348,348,343,345,4420,-0.011461318051575908
2003-02-17,345,353,345,354,1990,0.026086956521739202
2003-02-18,350,355,350,356,870,0.005649717514124353
2003-02-19,355,356,353,356,2070,0.0
2003-02-20,357,357,356,357,460,0.002808988764045006
2003-02-21,355,355,346,356,1320,-0.0028011204481792618
2003-02-24,357,358,355,359,2210,0.008426966292134797
2003-02-25,353,353,352,354,2170,-0.013927576601671321
2003-02-26,350,358,350,359,860,0.01412429378531077
2003-02-27,348,352,341,345,2350,-0.03899721448467963
2003-02-28,351,351,344,352,1630,0.020289855072463725
2003-03-03,342,351,342,352,2590,0.0
2003-03-04,347,347,344,345,850,-0.019886363636363646
2003-03-05,344,350,337,345,3880,0.0
2003-03-06,340,347,327,332,2910,-0.03768115942028982
2003-03-07,331,331,316,330,3150,-0.0060240963855421326
2003-03-10,329,329,322,326,2850,-0.012121212121212088
2003-03-11,315,329,309,323,1870,-0.009202453987730008
2003-03-12,318,323,303,316,3500,-0.021671826625387025
2003-03-13,313,313,295,300,7820,-0.05063291139240511
2003-03-14,304,308,299,305,5110,0.016666666666666607
2003-03-17,299,310,290,297,4470,-0.02622950819672132
2003-03-18,297,301,294,295,3620,-0.006734006734006703
2003-03-19,291,301,291,299,2750,0.013559322033898313
2003-03-20,301,308,297,309,2410,0.03344481605351168
2003-03-21,315,315,302,310,2800,0.003236245954692629
2003-03-24,313,313,307,310,2510,0.0
2003-03-25,309,310,306,309,410,-0.003225806451612856
2003-03-26,309,312,305,310,1550,0.003236245954692629
2003-03-27,309,311,309,312,1390,0.006451612903225712
2003-03-28,313,313,304,309,2820,-0.009615384615384581
2003-03-31,300,312,300,304,570,-0.016181229773462813
2003-04-01,303,308,301,309,560,0.016447368421052655
2003-04-02,303,310,302,305,4450,-0.012944983818770184
2003-04-03,306,308,297,304,10890,-0.003278688524590123
2003-04-04,303,308,299,305,2696,0.00328947368421062
2003-04-07,312,315,306,313,8860,0.026229508196721207
2003-04-08,307,324,307,321,3557,0.025559105431310014
2003-04-09,312,319,311,316,1552,-0.015576323987538943
2003-04-10,318,326,317,327,4850,0.034810126582278444
2003-04-11,321,327,319,327,2325,0.0
2003-04-14,331,351,326,336,10060,0.02752293577981657
2003-04-15,346,346,332,339,2030,0.008928571428571397
2003-04-16,341,353,337,348,5660,0.026548672566371723
2003-04-17,347,349,340,348,2620,0.0
2003-04-18,351,351,346,349,2090,0.002873563218390718
2003-04-21,349,349,342,350,2480,0.002865329512893977
2003-04-22,341,346,337,339,630,-0.03142857142857147
2003-04-23,339,346,338,340,1380,0.002949852507374562
2003-04-24,339,339,335,336,1840,-0.0117647058823529
2003-04-25,326,331,321,330,4895,-0.017857142857142905
2003-04-28,317,325,317,323,510,-0.021212121212121238
2003-04-29,329,329,324,329,1390,0.018575851393188847
2003-04-30,324,337,324,324,2910,-0.015197568389057725
2003-05-02,325,329,324,329,1310,0.015432098765432167
2003-05-06,328,335,328,329,5590,0.0
2003-05-07,328,336,328,335,2840,0.01823708206686936
2003-05-09,334,334,327,329,1300,-0.017910447761193993
2003-05-12,333,337,330,336,5680,0.02127659574468077
2003-05-13,342,342,330,334,1850,-0.005952380952380931
2003-05-14,334,335,331,336,1480,0.0059880239520957446
2003-05-15,340,340,332,338,560,0.005952380952380931
2003-05-16,336,342,334,338,2860,0.0
2003-05-19,339,339,335,339,3170,0.002958579881656709
2003-05-20,338,341,330,339,1580,0.0
2003-05-21,334,338,330,337,5530,-0.005899705014749235
2003-05-22,336,348,336,346,8820,0.026706231454005858
2003-05-23,346,353,345,352,6910,0.01734104046242768
2003-05-26,353,366,351,366,24050,0.03977272727272729
2003-05-27,369,369,354,363,9100,-0.008196721311475419
2003-05-28,362,367,355,358,7240,-0.01377410468319562
2003-05-29,353,358,353,356,3118,-0.005586592178770999
2003-05-30,357,358,353,356,4630,0.0
2003-06-02,357,366,353,366,10350,0.028089887640449396
2003-06-03,366,398,351,359,30570,-0.01912568306010931
2003-06-04,358,358,350,357,9660,-0.005571030640668551
2003-06-05,353,354,351,352,5760,-0.014005602240896309
2003-06-09,351,355,351,356,1640,0.011363636363636465
2003-06-10,351,355,351,356,3120,0.0
2003-06-11,355,358,346,347,10950,-0.0252808988764045
2003-06-12,352,357,348,351,15522,0.011527377521613813
2003-06-13,354,356,352,354,4800,0.008547008547008517
2003-06-16,353,356,351,355,4378,0.0028248587570620654
2003-06-17,355,360,355,358,12230,0.008450704225352101
2003-06-18,362,364,358,363,12880,0.013966480446927276
2003-06-19,362,364,358,363,9440,0.0
2003-06-20,358,360,354,359,6100,-0.011019283746556474
2003-06-23,354,362,349,363,7432,0.011142061281337101
2003-06-24,358,358,350,355,1852,-0.02203856749311295
2003-06-25,351,354,349,355,2390,0.0
2003-06-26,354,356,350,355,1832,0.0
2003-06-27,354,355,348,355,6780,0.0
2003-06-30,351,353,349,353,2908,-0.005633802816901401
2003-07-01,351,353,348,354,5812,0.0028328611898016387
2003-07-02,353,355,349,354,2440,0.0
2003-07-03,353,353,349,352,2440,-0.005649717514124242
2003-07-04,351,355,351,355,1780,0.008522727272727293
2003-07-07,352,353,348,353,2280,-0.005633802816901401
2003-07-08,353,354,349,351,5170,-0.005665722379603388
2003-07-09,353,353,348,353,200,0.005698005698005604
2003-07-10,352,352,349,352,1430,-0.0028328611898017497
2003-07-11,352,352,348,352,240,0.0
2003-07-14,351,351,346,351,3290,-0.0028409090909090606
2003-07-15,348,348,346,348,12520,-0.008547008547008517
2003-07-16,347,347,343,345,1950,-0.008620689655172376
2003-07-18,341,344,341,344,2770,-0.0028985507246376274
2003-07-21,344,344,338,344,1580,0.0
2003-07-22,337,342,337,343,680,-0.0029069767441860517
2003-07-23,349,349,339,339,300,-0.011661807580174877
2003-07-24,335,341,331,341,1000,0.005899705014749346
2003-07-25,334,341,334,341,580,0.0
2003-07-28,340,340,337,339,4390,-0.0058651026392961825
2003-07-29,338,340,335,339,530,0.0
2003-07-30,336,343,336,343,1330,0.01179941002949847
2003-07-31,338,346,338,347,1440,0.011661807580174877
2003-08-01,346,346,346,346,10,-0.0028818443804035088
2003-08-04,335,343,335,336,1810,-0.028901734104046284
2003-08-05,344,344,335,342,780,0.017857142857142794
2003-08-06,337,337,336,338,1030,-0.011695906432748537
2003-08-07,339,339,335,339,210,0.002958579881656709
2003-08-08,340,340,334,336,1070,-0.008849557522123908
2003-08-11,339,339,333,338,2180,0.005952380952380931
2003-08-12,337,339,337,339,330,0.002958579881656709
2003-08-13,337,338,337,338,260,-0.002949852507374673
2003-08-14,337,337,333,334,3250,-0.011834319526627168
2003-08-18,332,341,330,341,7740,0.020958083832335328
2003-08-19,340,340,331,339,1600,-0.0058651026392961825
2003-08-20,333,342,333,334,1960,-0.014749262536873142
2003-08-21,334,340,334,341,2700,0.020958083832335328
2003-08-22,340,343,337,341,3230,0.0
2003-08-25,339,340,335,336,1770,-0.014662756598240456
2003-08-26,335,343,335,336,2860,0.0
2003-08-27,337,338,335,336,1340,0.0
2003-08-28,337,337,334,334,2710,-0.005952380952380931
2003-08-29,333,336,333,337,1190,0.008982035928143617
2003-09-01,340,340,333,335,1060,-0.005934718100890191
2003-09-02,334,337,334,335,3990,0.0
2003-09-03,337,337,333,336,5910,0.0029850746268655914
2003-09-04,333,336,333,336,2790,0.0
2003-09-05,336,336,333,337,4100,0.0029761904761904656
2003-09-08,336,336,332,336,5910,-0.0029673590504450953
2003-09-09,336,336,335,336,310,0.0
2003-09-15,336,337,333,334,1270,-0.005952380952380931
2003-09-16,337,337,331,335,1750,0.0029940119760478723
2003-09-17,336,336,332,333,1100,-0.005970149253731294
2003-09-18,332,334,332,335,1430,0.006006006006006093
2003-09-19,332,333,332,333,2920,-0.005970149253731294
2003-09-22,331,331,327,328,2380,-0.01501501501501501
2003-09-23,323,335,323,336,3100,0.024390243902439046
2003-09-24,333,337,333,337,370,0.0029761904761904656
2003-09-25,335,335,323,325,6310,-0.035608308605341255
2003-09-26,324,328,322,328,5540,0.009230769230769154
2003-09-29,323,325,323,326,570,-0.0060975609756097615
2003-09-30,324,328,324,327,1660,0.0030674846625766694
2003-10-01,323,323,320,323,3850,-0.012232415902140636
2003-10-02,325,325,321,323,8540,0.0
2003-10-06,323,323,317,321,15470,-0.006191950464396245
2003-10-07,319,329,317,323,11290,0.006230529595015577
2003-10-08,322,327,318,319,1600,-0.012383900928792602
2003-10-09,320,323,319,323,1450,0.012539184952978122
2003-10-10,329,329,319,321,1920,-0.006191950464396245
2003-10-13,329,329,323,329,2430,0.024922118380062308
2003-10-14,331,331,324,326,1130,-0.00911854103343468
2003-10-15,329,329,323,324,1690,-0.006134969325153339
2003-10-16,331,331,324,325,3280,0.0030864197530864335
2003-10-17,329,329,323,323,1480,-0.006153846153846176
2003-10-20,328,328,323,324,1850,0.003095975232198178
2003-10-21,331,331,323,324,4570,0.0
2003-10-22,327,327,322,323,3540,-0.0030864197530864335
2003-10-23,320,322,320,320,830,-0.009287925696594423
2003-10-24,318,323,318,323,50,0.009374999999999911
2003-10-27,323,323,323,323,110,0.0
2003-10-28,319,320,319,320,340,-0.009287925696594423
2003-10-29,322,322,322,323,60,0.009374999999999911
2003-10-30,326,326,319,320,610,-0.009287925696594423
2003-10-31,322,322,319,320,540,0.0
2003-11-03,322,325,322,325,1300,0.015625
2003-11-04,325,325,322,325,4000,0.0
2003-11-05,325,325,320,326,5140,0.003076923076922977
2003-11-06,326,326,323,326,1780,0.0
2003-11-07,321,326,321,327,4190,0.0030674846625766694
2003-11-10,329,330,323,330,1330,0.00917431192660545
2003-11-11,329,329,329,330,40,0.0
2003-11-12,329,330,323,331,400,0.003030303030302939
2003-11-13,329,330,326,330,1230,-0.0030211480362537513
2003-11-14,331,333,330,333,2150,0.009090909090909038
2003-11-17,333,333,333,334,10,0.0030030030030030463
2003-11-18,333,335,324,325,2150,-0.026946107784431184
2003-11-19,327,328,323,329,950,0.012307692307692353
2003-11-20,328,330,323,328,1640,-0.003039513677811523
2003-11-21,327,327,323,328,4510,0.0
2003-11-24,326,329,321,322,2080,-0.018292682926829285
2003-11-25,326,326,319,322,1740,0.0
2003-11-26,325,325,323,325,370,0.009316770186335477
2003-11-27,329,329,321,327,300,0.006153846153846176
2003-11-28,326,330,324,328,3870,0.003058103975535076
2003-12-01,329,329,326,329,1380,0.0030487804878047697
2003-12-02,328,328,325,328,3410,-0.003039513677811523
2003-12-03,328,332,326,330,6070,0.0060975609756097615
2003-12-04,331,332,329,333,6020,0.009090909090909038
2003-12-05,332,337,330,335,720,0.006006006006006093
2003-12-08,334,334,329,330,840,-0.014925373134328401
2003-12-09,330,337,328,336,15410,0.018181818181818077
2003-12-10,335,335,327,333,5770,-0.008928571428571397
2003-12-11,332,332,325,328,3800,-0.01501501501501501
2003-12-12,332,332,328,332,820,0.012195121951219523
2003-12-15,331,331,330,332,2390,0.0
2003-12-16,331,331,324,329,12270,-0.009036144578313254
2003-12-17,330,331,327,331,6360,0.006079027355623046
2003-12-18,331,333,330,333,7360,0.0060422960725075026
2003-12-19,333,334,330,334,5840,0.0030030030030030463
2003-12-22,333,334,326,335,5270,0.0029940119760478723
2003-12-23,334,334,329,333,4580,-0.005970149253731294
2003-12-24,332,335,325,330,1436,-0.009009009009009028
2003-12-26,333,333,326,332,3030,0.0060606060606061
2003-12-29,326,326,317,322,2020,-0.030120481927710885
2003-12-30,327,327,326,328,1030,0.01863354037267073
2004-01-02,331,331,323,324,3310,-0.012195121951219523
2004-01-05,323,326,319,321,2610,-0.0092592592592593
2004-01-06,320,323,316,318,5250,-0.009345794392523366
2004-01-07,319,321,316,318,8280,0.0
2004-01-08,312,317,309,311,7730,-0.022012578616352196
2004-01-09,313,313,309,313,2680,0.006430868167202508
2004-01-12,314,322,312,318,5480,0.015974440894568787
2004-01-13,312,362,312,325,9570,0.022012578616352307
2004-01-14,325,326,323,327,4950,0.006153846153846176
2004-01-15,331,331,323,323,2150,-0.012232415902140636
2004-01-16,322,322,314,323,3970,0.0
2004-01-19,318,328,318,323,4310,0.0
2004-01-20,322,322,316,320,4720,-0.009287925696594423
2004-01-26,319,323,314,319,4730,-0.0031250000000000444
2004-01-27,312,322,312,318,3700,-0.0031347962382445305
2004-01-28,312,316,310,316,8870,-0.0062893081761006275
2004-01-29,312,313,312,314,2780,-0.006329113924050667
2004-01-30,312,314,310,315,2710,0.0031847133757962887
2004-02-02,310,315,310,313,2960,-0.006349206349206327
2004-02-03,312,327,312,323,12680,0.03194888178913735
2004-02-04,322,322,320,323,8200,0.0
2004-02-05,322,327,320,328,12350,0.015479876160990669
2004-02-06,330,330,323,327,4450,-0.0030487804878048808
2004-02-09,328,330,319,321,6140,-0.01834862385321101
2004-02-10,314,325,314,323,11640,0.006230529595015577
2004-02-11,319,329,315,316,7960,-0.021671826625387025
2004-02-12,323,324,317,323,2420,0.02215189873417711
2004-02-13,313,320,313,317,12460,-0.018575851393188847
2004-02-16,315,329,315,330,5560,0.04100946372239744
2004-02-17,317,326,317,327,12210,-0.009090909090909038
2004-02-18,326,326,322,325,8810,-0.006116207951070374
2004-02-19,320,324,320,322,4780,-0.009230769230769265
2004-02-20,317,325,317,323,4000,0.0031055900621117516
2004-02-23,321,321,319,322,2910,-0.003095975232198178
2004-02-24,321,321,319,320,5210,-0.006211180124223614
2004-02-25,319,321,319,320,3722,0.0
2004-02-26,319,322,315,322,2750,0.006250000000000089
2004-02-27,321,323,321,323,1300,0.0031055900621117516
2004-03-02,323,324,320,325,1480,0.006191950464396356
2004-03-03,321,325,321,323,4030,-0.006153846153846176
2004-03-04,319,324,319,323,1960,0.0
2004-03-05,317,321,316,318,6300,-0.015479876160990669
2004-03-08,317,319,317,320,7110,0.0062893081761006275
2004-03-09,321,321,309,320,7160,0.0
2004-03-10,319,319,317,318,11700,-0.006249999999999978
2004-03-11,317,317,313,317,2510,-0.0031446540880503138
2004-03-12,314,315,310,311,18326,-0.018927444794952675
2004-03-15,310,317,310,313,5680,0.006430868167202508
2004-03-16,312,312,306,312,4790,-0.0031948881789137795
2004-03-17,312,318,312,318,5380,0.019230769230769162
2004-03-18,319,319,317,318,1840,0.0
2004-03-19,325,325,316,318,3120,0.0
2004-03-22,315,315,313,314,1320,-0.012578616352201255
2004-03-23,319,319,312,319,4170,0.015923566878981
2004-03-24,312,317,312,316,3450,-0.009404388714733591
2004-03-25,317,317,313,314,3800,-0.006329113924050667
2004-03-26,314,315,314,316,8200,0.006369426751592355
2004-03-29,315,316,315,316,6390,0.0
2004-03-30,315,319,314,315,10060,-0.0031645569620253333
2004-03-31,315,318,314,317,6086,0.006349206349206327
2004-04-01,318,318,315,317,1950,0.0
2004-04-02,313,317,313,317,6240,0.0
2004-04-06,317,319,314,317,10120,0.0
2004-04-07,316,319,316,319,7410,0.006309148264984188
2004-04-08,315,318,315,319,3660,0.0
2004-04-09,316,316,315,316,8250,-0.009404388714733591
2004-04-12,318,318,314,317,9124,0.0031645569620253333
2004-04-13,316,318,314,317,5820,0.0
2004-04-14,316,316,314,317,5850,0.0
2004-04-16,316,316,316,317,3220,0.0
2004-04-19,313,316,312,316,5085,-0.003154574132492094
2004-04-20,315,315,313,316,14700,0.0
2004-04-21,315,317,314,316,5480,0.0
2004-04-22,317,317,312,313,2091,-0.009493670886076
2004-04-23,316,316,313,316,4600,0.009584664536741228
2004-04-26,315,315,313,314,4380,-0.006329113924050667
2004-04-27,310,315,310,315,4710,0.0031847133757962887
2004-04-28,312,316,312,314,12340,-0.0031746031746031633
2004-04-29,313,314,308,314,10730,0.0
2004-04-30,310,314,310,314,9700,0.0
2004-05-03,314,314,314,315,1600,0.0031847133757962887
2004-05-04,312,315,312,317,5650,0.006349206349206327
2004-05-06,315,318,314,319,41080,0.006309148264984188
2004-05-07,318,318,308,309,19840,-0.031347962382445194
2004-05-10,313,313,297,309,15400,0.0
2004-05-11,306,308,295,308,4910,-0.003236245954692518
2004-05-12,303,311,303,309,4430,0.0032467532467532756
2004-05-13,300,308,300,309,5640,0.0
2004-05-14,308,308,304,309,2680,0.0
2004-05-17,308,308,296,305,6880,-0.012944983818770184
2004-05-18,291,303,291,303,6750,-0.006557377049180357
2004-05-19,295,307,295,306,4770,0.00990099009900991
2004-05-20,298,303,298,303,2940,-0.009803921568627416
2004-05-21,304,304,297,304,15910,0.0033003300330032292
2004-05-24,299,304,299,305,8000,0.00328947368421062
2004-05-25,307,307,304,307,2050,0.006557377049180246
2004-05-27,301,307,301,308,2310,0.0032573289902280145
2004-05-28,302,308,302,309,2780,0.0032467532467532756
2004-05-31,301,306,301,307,8080,-0.006472491909385147
2004-06-01,301,307,301,308,6110,0.0032573289902280145
2004-06-02,302,306,301,307,10050,-0.0032467532467532756
2004-06-03,307,307,302,307,4870,0.0
2004-06-04,308,308,303,308,8640,0.0032573289902280145
2004-06-07,307,307,303,308,4640,0.0
2004-06-08,307,308,304,309,4450,0.0032467532467532756
2004-06-09,307,308,304,309,5650,0.0
2004-06-10,307,307,307,308,4800,-0.003236245954692518
2004-06-11,306,307,302,308,6840,0.0
2004-06-14,302,307,302,308,4620,0.0
2004-06-15,306,307,306,307,7270,-0.0032467532467532756
2004-06-16,306,307,306,308,3000,0.0032573289902280145
2004-06-17,302,306,302,307,6700,-0.0032467532467532756
2004-06-18,309,309,301,310,5070,0.009771986970684043
2004-06-21,302,312,302,313,4340,0.00967741935483879
2004-06-22,322,322,305,313,5430,0.0
2004-06-23,312,315,304,313,7020,0.0
2004-06-24,312,315,303,306,5250,-0.022364217252396124
2004-06-25,314,315,308,316,4400,0.03267973856209161
2004-06-28,317,317,315,318,2320,0.006329113924050667
2004-06-29,316,317,316,318,2800,0.0
2004-06-30,317,317,317,318,1900,0.0
2004-07-01,319,319,310,319,3641,0.003144654088050425
2004-07-02,318,318,318,319,1100,0.0
2004-07-05,309,317,309,318,1650,-0.0031347962382445305
2004-07-06,317,318,312,319,2350,0.003144654088050425
2004-07-07,315,318,315,319,1160,0.0
2004-07-08,318,318,307,308,3230,-0.03448275862068961
2004-07-09,299,316,299,317,3750,0.02922077922077926
2004-07-12,318,318,317,318,800,0.003154574132492094
2004-07-13,317,317,317,318,1500,0.0
2004-07-14,317,317,312,318,5340,0.0
2004-07-15,317,318,312,317,11550,-0.0031446540880503138
2004-07-16,317,317,312,318,1560,0.003154574132492094
2004-07-19,312,317,312,318,1630,0.0
2004-07-20,317,317,315,318,1060,0.0
2004-07-21,313,317,313,318,1760,0.0
2004-07-22,317,317,312,318,1010,0.0
2004-07-23,317,317,317,318,400,0.0
2004-07-26,315,317,315,318,580,0.0
2004-07-27,317,317,317,318,900,0.0
2004-07-28,312,316,311,317,1760,-0.0031446540880503138
2004-07-29,317,317,292,318,1980,0.003154574132492094
2004-07-30,310,318,309,319,2390,0.003144654088050425
2004-08-02,317,317,317,318,0,-0.0031347962382445305
2004-08-03,317,317,312,318,2980,0.0
2004-08-04,312,317,312,318,1670,0.0
2004-08-05,315,317,315,318,3300,0.0
2004-08-06,315,317,315,318,1000,0.0
2004-08-09,317,317,313,318,2420,0.0
2004-08-10,317,317,317,318,600,0.0
2004-08-11,317,317,317,318,710,0.0
2004-08-12,317,318,317,319,970,0.003144654088050425
2004-08-13,318,318,315,319,1140,0.0
2004-08-16,318,318,315,319,2250,0.0
2004-08-17,319,319,316,319,2180,0.0
2004-08-18,317,323,317,319,4200,0.0
2004-08-19,323,328,323,323,9700,0.012539184952978122
2004-08-20,322,322,319,323,6040,0.0
2004-08-23,324,324,319,323,1901,0.0
2004-08-24,323,326,323,327,3810,0.01238390092879249
2004-08-25,325,329,325,329,3520,0.006116207951070374
2004-08-26,333,337,328,335,6422,0.01823708206686936
2004-08-27,334,338,334,338,2309,0.008955223880596996
2004-08-30,337,344,334,339,2276,0.002958579881656709
2004-08-31,335,340,335,340,1880,0.002949852507374562
2004-09-01,342,342,333,343,3899,0.008823529411764675
2004-09-02,342,346,342,346,9700,0.008746355685131268
2004-09-03,348,348,344,346,1475,0.0
2004-09-06,337,347,337,348,6520,0.005780346820809301
2004-09-07,339,348,339,347,2240,-0.002873563218390829
2004-09-08,341,347,341,347,4680,0.0
2004-09-09,346,346,341,346,4690,-0.0028818443804035088
2004-09-10,345,346,339,347,4224,0.0028901734104045396
2004-09-13,351,351,344,348,1090,0.0028818443804035088
2004-09-14,342,348,328,348,10290,0.0
2004-09-15,347,347,338,347,4720,-0.002873563218390829
2004-09-16,341,346,341,346,3760,-0.0028818443804035088
2004-09-17,344,364,342,356,7300,0.028901734104046284
2004-09-20,351,375,351,368,35760,0.03370786516853941
2004-09-21,371,371,357,370,13470,0.005434782608695565
2004-09-22,373,373,356,358,41790,-0.032432432432432434
2004-09-23,360,369,358,359,37570,0.0027932960893854997
2004-09-24,357,362,357,359,9630,0.0
2004-09-30,358,362,353,363,10173,0.011142061281337101
2004-10-01,362,365,358,363,5450,0.0
2004-10-04,362,373,362,368,12100,0.01377410468319562
2004-10-05,371,385,362,381,19020,0.03532608695652173
2004-10-06,380,380,373,379,7100,-0.005249343832021025
2004-10-07,376,380,371,377,10970,-0.00527704485488123
2004-10-08,376,378,364,370,16880,-0.018567639257294433
2004-10-11,367,375,367,372,4470,0.00540540540540535
2004-10-12,369,369,358,361,17940,-0.029569892473118253
2004-10-13,358,364,358,361,5440,0.0
2004-10-14,357,358,351,359,4310,-0.005540166204986097
2004-10-15,353,357,349,356,5180,-0.00835654596100277
2004-10-18,355,358,353,357,5022,0.002808988764045006
2004-10-19,356,358,353,358,5100,0.0028011204481792618
2004-10-20,362,362,352,357,1600,-0.0027932960893854997
2004-10-21,351,356,346,357,2820,0.0
2004-10-22,348,355,348,356,3390,-0.0028011204481792618
2004-10-25,348,355,345,354,1930,-0.005617977528089901
2004-10-26,353,353,348,349,1891,-0.01412429378531077
2004-10-27,344,353,342,348,6320,-0.002865329512893977
2004-10-28,347,352,346,353,1740,0.014367816091954033
2004-10-29,349,354,349,355,4810,0.0056657223796034994
2004-11-01,355,365,355,361,5590,0.016901408450704203
2004-11-02,358,366,357,365,17810,0.011080332409972193
2004-11-03,364,378,364,372,15351,0.019178082191780854
2004-11-04,378,378,366,372,7330,0.0
2004-11-05,371,373,369,372,11270,0.0
2004-11-08,375,427,375,427,144250,0.1478494623655915
2004-11-09,427,439,405,427,68061,0.0
2004-11-10,425,489,425,467,233460,0.0936768149882905
2004-11-11,462,518,452,497,142981,0.06423982869379019
2004-11-12,504,520,484,496,106721,-0.002012072434607659
2004-11-15,498,507,479,496,50370,0.0
2004-11-16,502,502,466,470,55800,-0.05241935483870963
2004-11-17,466,495,466,496,37090,0.05531914893617018
2004-11-18,516,527,491,503,60660,0.014112903225806495
2004-11-19,498,520,488,515,54110,0.02385685884691857
2004-11-22,507,531,506,510,54960,-0.009708737864077666
2004-11-23,507,520,489,508,27130,-0.0039215686274509665
2004-11-24,513,570,513,557,138731,0.09645669291338588
2004-11-25,567,567,534,544,65641,-0.02333931777378817
2004-11-26,550,593,550,580,100595,0.06617647058823528
2004-11-29,583,615,574,578,90791,-0.0034482758620689724
2004-11-30,585,586,563,573,31220,-0.00865051903114189
2004-12-01,561,585,545,549,45810,-0.041884816753926746
2004-12-02,543,563,529,532,56410,-0.030965391621129323
2004-12-03,534,561,533,551,46500,0.03571428571428581
2004-12-06,541,547,527,532,31130,-0.03448275862068961
2004-12-07,531,549,529,530,32661,-0.003759398496240629
2004-12-08,529,549,529,548,29830,0.03396226415094339
2004-12-09,559,559,527,532,24500,-0.029197080291970767
2004-12-10,531,534,479,481,44448,-0.09586466165413532
2004-12-13,480,480,461,467,25960,-0.029106029106029108
2004-12-14,473,477,459,460,12850,-0.01498929336188437
2004-12-15,455,498,455,483,25760,0.050000000000000044
2004-12-16,484,504,480,488,19440,0.010351966873705987
2004-12-17,495,498,484,496,14018,0.016393442622950838
2004-12-20,484,498,484,496,9920,0.0
2004-12-21,491,495,484,494,6170,-0.0040322580645161255
2004-12-22,495,527,480,481,56020,-0.02631578947368418
2004-12-23,480,491,472,479,8010,-0.004158004158004158
2004-12-24,473,480,470,474,12740,-0.01043841336116913
2004-12-27,471,484,471,483,5760,0.018987341772152
2004-12-28,482,489,482,485,4281,0.0041407867494824835
2004-12-29,484,486,473,487,13470,0.004123711340206171
2004-12-30,489,489,479,481,1390,-0.012320328542094416
2005-01-03,479,495,468,485,6130,0.008316008316008316
2005-01-04,477,493,473,485,11180,0.0
2005-01-05,480,480,453,467,27450,-0.03711340206185565
2005-01-06,459,462,437,460,31030,-0.01498929336188437
2005-01-07,454,457,448,454,7420,-0.013043478260869601
2005-01-10,452,466,448,462,14920,0.017621145374449254
2005-01-11,457,464,450,465,11980,0.006493506493506551
2005-01-12,463,486,463,485,21990,0.043010752688172005
2005-01-13,484,513,484,514,27400,0.0597938144329897
2005-01-14,511,520,498,521,18620,0.013618677042801508
2005-01-17,520,520,500,506,16420,-0.028790786948176605
2005-01-18,518,518,488,492,16090,-0.02766798418972327
2005-01-19,486,497,486,492,14100,0.0
2005-01-20,486,500,480,496,7680,0.008130081300812941
2005-01-21,488,497,482,492,6580,-0.008064516129032251
2005-01-24,488,502,482,497,10749,0.010162601626016343
2005-01-25,497,500,491,501,8230,0.008048289738430636
2005-01-26,506,506,495,503,12130,0.003992015968063978
2005-01-27,507,511,498,506,10660,0.005964214711729587
2005-01-28,513,516,502,517,16140,0.021739130434782705
2005-01-31,527,566,520,564,65500,0.09090909090909083
2005-02-01,563,563,538,549,37430,-0.02659574468085102
2005-02-02,552,552,516,532,41780,-0.030965391621129323
2005-02-03,543,565,531,560,27630,0.05263157894736836
2005-02-04,554,566,538,564,24550,0.0071428571428571175
2005-02-07,556,581,556,573,28500,0.015957446808510634
2005-02-11,568,590,565,571,22190,-0.003490401396160525
2005-02-14,581,592,563,564,25740,-0.012259194395796813
2005-02-15,567,579,567,575,19780,0.019503546099290725
2005-02-16,570,575,556,571,12630,-0.006956521739130417
2005-02-17,581,617,574,585,43710,0.024518388791593626
2005-02-18,583,599,574,585,24140,0.0
2005-02-21,599,631,586,630,42925,0.07692307692307687
2005-02-22,631,631,597,601,24750,-0.04603174603174598
2005-02-23,597,638,597,614,38673,0.021630615640598982
2005-02-24,613,651,613,637,33371,0.037459283387622166
2005-02-25,644,681,624,661,51024,0.03767660910518056
2005-02-28,683,742,683,709,70347,0.07261724659606661
2005-03-02,739,742,696,700,45060,-0.012693935119887145
2005-03-03,699,714,682,711,32509,0.01571428571428579
2005-03-04,717,793,714,756,88120,0.06329113924050622
2005-03-07,782,782,716,718,52736,-0.050264550264550234
2005-03-08,714,717,653,682,50020,-0.05013927576601673
2005-03-09,667,730,667,727,66000,0.06598240469208205
2005-03-10,721,760,721,733,63654,0.008253094910591452
2005-03-11,726,743,707,715,40050,-0.024556616643929052
2005-03-14,717,724,687,702,29950,-0.018181818181818188
2005-03-15,705,714,674,682,49991,-0.028490028490028463
2005-03-16,671,707,667,700,44481,0.02639296187683282
2005-03-17,690,698,660,664,32041,-0.05142857142857138
2005-03-18,663,671,615,619,44740,-0.06777108433734935
2005-03-21,617,637,613,621,15969,0.003231017770597644
2005-03-22,620,631,619,625,11800,0.006441223832528209
2005-03-23,620,624,588,600,15980,-0.040000000000000036
2005-03-24,613,613,581,587,20770,-0.021666666666666612
2005-03-25,599,617,592,607,12070,0.03407155025553665
2005-03-28,608,654,608,654,30020,0.07742998352553543
2005-03-29,660,660,631,636,19080,-0.02752293577981646
2005-03-30,642,642,624,628,12230,-0.012578616352201255
2005-03-31,646,646,626,627,14390,-0.0015923566878981443
2005-04-01,626,651,626,650,26060,0.03668261562998398
2005-04-04,647,656,638,650,6940,0.0
2005-04-06,642,699,640,672,86128,0.03384615384615386
2005-04-07,685,685,656,668,20690,-0.005952380952380931
2005-04-08,665,667,633,634,29540,-0.050898203592814384
2005-04-11,626,638,615,639,11967,0.007886435331230235
2005-04-12,637,638,620,621,15360,-0.028169014084507005
2005-04-13,620,647,620,641,19490,0.03220611916264082
2005-04-14,631,631,620,621,9940,-0.03120124804992197
2005-04-15,611,617,590,593,21780,-0.04508856682769724
2005-04-18,577,584,563,564,18300,-0.04890387858347389
2005-04-19,563,577,563,578,10210,0.024822695035461084
2005-04-20,588,590,574,578,7390,0.0
2005-04-21,576,577,559,576,7160,-0.0034602076124568004
2005-04-22,624,662,613,663,51130,0.15104166666666674
2005-04-25,681,726,663,668,275855,0.007541478129713397
2005-04-26,681,714,667,702,145747,0.05089820359281427
2005-04-27,699,699,660,664,68412,-0.054131054131054124
2005-04-28,663,672,636,637,57198,-0.04066265060240959
2005-04-29,619,635,597,607,37010,-0.04709576138147564
2005-05-02,620,642,613,621,43146,0.023064250411861664
2005-05-03,646,712,646,713,260980,0.14814814814814814
2005-05-04,750,771,714,742,261260,0.04067321178120609
2005-05-06,766,850,750,808,470030,0.08894878706199472
2005-05-09,836,838,766,797,125440,-0.013613861386138626
2005-05-10,825,872,732,740,259668,-0.07151819322459219
2005-05-11,723,757,707,709,109555,-0.04189189189189191
2005-05-12,726,730,698,698,84237,-0.015514809590973178
2005-05-13,694,707,681,693,61100,-0.007163323782234943
2005-05-16,692,707,671,704,64470,0.015873015873015817
2005-05-17,712,725,689,689,50496,-0.021306818181818232
2005-05-18,685,699,660,664,49424,-0.036284470246734424
2005-05-19,671,689,660,686,54590,0.033132530120481896
2005-05-20,676,787,676,788,221586,0.14868804664723023
2005-05-23,836,877,793,847,281838,0.0748730964467006
2005-05-24,861,861,753,779,144430,-0.08028335301062572
2005-05-25,796,796,737,742,83254,-0.047496790757381224
2005-05-26,743,786,743,779,83530,0.049865229110512166
2005-05-27,766,784,762,765,57911,-0.01797175866495504
2005-05-30,764,787,757,758,32920,-0.009150326797385588
2005-05-31,759,771,748,765,43285,0.00923482849604218
2005-06-01,771,807,760,761,62956,-0.005228758169934622
2005-06-02,771,778,743,754,64580,-0.009198423127463884
2005-06-03,760,769,750,761,36460,0.009283819628647105
2005-06-07,753,757,733,740,39620,-0.02759526938239154
2005-06-08,728,757,728,745,31343,0.006756756756756799
2005-06-09,741,750,726,733,43991,-0.016107382550335614
2005-06-10,732,800,732,770,105369,0.05047748976807642
2005-06-13,775,780,762,768,29208,-0.0025974025974025983
2005-06-14,778,782,743,747,47093,-0.02734375
2005-06-15,789,807,778,779,75545,0.04283801874163329
2005-06-16,820,895,807,896,232844,0.15019255455712455
2005-06-17,936,943,861,864,247110,-0.0357142857142857
2005-06-20,882,893,839,865,86467,0.0011574074074074403
2005-06-21,884,945,857,867,237706,0.0023121387283238093
2005-06-22,866,891,843,882,84790,0.01730103806228378
2005-06-23,882,926,859,898,76703,0.018140589569161092
2005-06-24,877,947,877,910,113554,0.013363028953229383
2005-06-27,909,927,877,887,53581,-0.025274725274725296
2005-06-28,890,918,879,890,52239,0.0033821871476888976
2005-06-29,891,908,875,890,47945,0.0
2005-06-30,904,976,882,948,163058,0.06516853932584277
2005-07-01,954,992,947,959,134430,0.011603375527426074
2005-07-04,974,1006,951,973,88599,0.014598540145985384
2005-07-05,972,1028,965,1013,160583,0.041109969167523186
2005-07-06,1019,1037,997,1020,82623,0.006910167818361401
2005-07-07,1019,1019,958,959,68207,-0.05980392156862746
2005-07-08,942,947,908,912,79577,-0.049009384775808185
2005-07-11,926,938,911,919,50324,0.007675438596491224
2005-07-12,922,943,918,926,44262,0.007616974972796564
2005-07-13,929,976,926,964,37810,0.0410367170626349
2005-07-14,976,988,954,957,32640,-0.007261410788381717
2005-07-15,952,979,949,959,25301,0.002089864158829613
2005-07-18,969,979,949,952,23512,-0.007299270072992692
2005-07-19,951,958,936,944,22168,-0.008403361344537785
2005-07-20,947,947,911,930,40380,-0.014830508474576232
2005-07-21,920,951,913,919,24870,-0.011827956989247324
2005-07-22,931,983,926,928,48146,0.009793253536452662
2005-07-25,945,976,942,973,45200,0.04849137931034475
2005-07-26,974,994,965,975,31379,0.0020554984583760483
2005-07-27,992,997,924,952,30490,-0.02358974358974364
2005-07-28,954,972,949,973,34520,0.022058823529411686
2005-07-29,974,983,951,962,13020,-0.01130524152106882
2005-08-01,976,976,947,957,18020,-0.00519750519750517
2005-08-02,961,961,908,919,58208,-0.03970741901776387
2005-08-03,915,938,882,917,28874,-0.0021762785636560977
2005-08-04,940,951,916,928,37905,0.01199563794983649
2005-08-05,927,929,890,914,29750,-0.015086206896551713
2005-08-08,895,913,888,901,15690,-0.01422319474835887
2005-08-09,911,920,899,908,17850,0.007769145394006749
2005-08-10,908,922,900,908,10280,0.0
2005-08-11,918,924,897,914,18180,0.0066079295154184425
2005-08-12,911,942,908,942,15840,0.03063457330415753
2005-08-16,945,954,933,934,15430,-0.00849256900212314
2005-08-17,926,926,904,908,10440,-0.027837259100642386
2005-08-18,900,906,864,885,25230,-0.025330396475770955
2005-08-19,879,890,847,876,26040,-0.01016949152542368
2005-08-22,864,888,863,878,13230,0.0022831050228311334
2005-08-23,877,915,877,916,21840,0.04328018223234631
2005-08-24,929,929,897,916,13380,0.0
2005-08-25,902,920,890,910,13180,-0.0065502183406113135
2005-08-26,908,952,908,934,28530,0.02637362637362628
2005-08-29,920,933,906,923,12010,-0.011777301927194839
2005-08-30,935,947,913,937,21910,0.015167930660888507
2005-08-31,920,942,920,926,9190,-0.011739594450373536
2005-09-01,933,951,929,944,14440,0.01943844492440605
2005-09-02,954,954,940,946,7900,0.0021186440677967155
2005-09-05,918,969,918,964,25600,0.019027484143763207
2005-09-06,953,987,953,973,24450,0.009336099585062207
2005-09-07,979,994,963,966,14380,-0.007194244604316502
2005-09-08,960,963,945,962,11810,-0.0041407867494823725
2005-09-09,961,990,954,980,23980,0.018711018711018657
2005-09-12,979,997,936,993,29010,0.013265306122449028
2005-09-13,983,1008,979,1000,14730,0.007049345417925457
2005-09-14,1001,1051,1001,1027,56479,0.026999999999999913
2005-09-15,1039,1040,996,996,19191,-0.030185004868549137
2005-09-16,996,1010,983,1002,17110,0.006024096385542244
2005-09-20,1004,1022,1004,1007,21450,0.004990019960079861
2005-09-21,999,1003,987,1004,32940,-0.002979145978152964
2005-09-22,990,990,936,946,71590,-0.05776892430278879
2005-09-23,947,961,920,939,43525,-0.007399577167019
2005-09-26,954,1022,943,1023,62450,0.08945686900958472
2005-09-27,1030,1073,1001,1056,58560,0.032258064516129004
2005-09-28,1048,1130,1033,1126,89050,0.0662878787878789
2005-09-29,1123,1148,1092,1129,59150,0.002664298401420906
2005-09-30,1114,1152,1114,1147,42010,0.01594331266607618
2005-10-04,1152,1170,1136,1167,20890,0.017436791630339954
2005-10-05,1166,1166,1121,1147,13140,-0.01713796058269068
2005-10-06,1137,1137,1082,1133,17650,-0.012205754141238034
2005-10-07,1076,1148,1076,1149,17500,0.014121800529567574
2005-10-10,1166,1182,1123,1183,23465,0.02959094865100087
2005-10-11,1182,1213,1170,1196,14890,0.01098901098901095
2005-10-12,1188,1202,1144,1169,24610,-0.022575250836120442
2005-10-13,1155,1180,1123,1181,13120,0.010265183917878451
2005-10-14,1180,1191,1137,1187,25060,0.00508044030482635
2005-10-17,1170,1276,1094,1142,40283,-0.03791069924178603
2005-10-18,1141,1159,1114,1145,14380,0.0026269702276706663
2005-10-19,1144,1144,1085,1113,13093,-0.027947598253275086
2005-10-20,1101,1125,1098,1117,8240,0.003593890386343279
2005-10-21,1116,1119,1087,1120,9270,0.0026857654431513556
2005-10-24,1116,1144,1103,1131,2221,0.009821428571428648
2005-10-25,1148,1155,1130,1142,7990,0.00972590627763048
2005-10-26,1155,1155,1137,1156,5680,0.012259194395796813
2005-10-27,1152,1168,1134,1149,8640,-0.006055363321799345
2005-10-28,1127,1146,1112,1147,5453,-0.0017406440382942145
2005-10-31,1184,1184,1130,1160,7560,0.011333914559721103
2005-11-01,1137,1166,1137,1149,11500,-0.009482758620689702
2005-11-02,1148,1164,1134,1149,6580,0.0
2005-11-03,1152,1152,1123,1149,12631,0.0
2005-11-04,1137,1164,1105,1149,11470,0.0
2005-11-07,1143,1166,1116,1120,7870,-0.0252393385552655
2005-11-08,1109,1109,1076,1088,11960,-0.02857142857142858
2005-11-09,1078,1116,1078,1086,4480,-0.0018382352941176405
2005-11-10,1085,1109,1078,1083,9740,-0.002762430939226568
2005-11-11,1083,1112,1078,1111,11581,0.025854108956602007
2005-11-14,1109,1125,1082,1108,8250,-0.0027002700270026825
2005-11-15,1107,1107,1083,1104,9600,-0.0036101083032491488
2005-11-16,1109,1163,1098,1163,11730,0.05344202898550732
2005-11-17,1159,1177,1141,1167,7804,0.0034393809114359186
2005-11-18,1153,1173,1112,1161,9460,-0.005141388174807249
2005-11-21,1161,1184,1126,1149,12720,-0.01033591731266148
2005-11-22,1148,1163,1119,1142,4050,-0.006092254134029584
2005-11-23,1148,1171,1141,1167,7640,0.02189141856392296
2005-11-24,1168,1173,1143,1152,9540,-0.01285347043701801
2005-11-25,1163,1164,1098,1147,19890,-0.00434027777777779
2005-11-28,1155,1162,1126,1127,7420,-0.017436791630340065
2005-11-29,1107,1130,1107,1127,6480,0.0
2005-11-30,1112,1162,1112,1144,8870,0.015084294587400127
2005-12-01,1143,1145,1128,1142,9250,-0.0017482517482517723
2005-12-02,1143,1148,1123,1135,9700,-0.0061295971978984065
2005-12-05,1141,1184,1134,1183,15640,0.04229074889867834
2005-12-06,1171,1188,1135,1136,15390,-0.03972950126796282
2005-12-07,1137,1148,1083,1088,24170,-0.04225352112676062
2005-12-08,1076,1098,1062,1077,16060,-0.010110294117647078
2005-12-09,1062,1105,1051,1059,13829,-0.01671309192200554
2005-12-12,1066,1075,1058,1059,4901,0.0
2005-12-13,1058,1073,1044,1050,9650,-0.008498583569405138
2005-12-14,1053,1064,1026,1027,13500,-0.02190476190476187
2005-12-15,1040,1055,1026,1039,26944,0.011684518013632017
2005-12-16,1019,1023,976,989,15420,-0.04812319538017329
2005-12-19,981,992,951,952,25267,-0.037411526794742134
2005-12-20,952,976,951,968,19160,0.01680672268907557
2005-12-21,974,974,949,957,26290,-0.011363636363636354
2005-12-22,958,979,911,916,40032,-0.0428422152560084
2005-12-23,916,942,902,928,13750,0.013100436681222627
2005-12-26,927,949,926,934,21970,0.006465517241379226
2005-12-27,933,945,915,937,24833,0.0032119914346895317
2005-12-28,915,933,908,934,9020,-0.0032017075773745907
2005-12-29,920,944,900,916,14450,-0.01927194860813708
2006-01-02,915,931,900,914,9718,-0.0021834061135370675
2006-01-03,913,926,886,907,11610,-0.007658643326039383
2006-01-04,920,1031,909,1030,70541,0.13561190738699014
2006-01-05,1048,1048,974,991,34022,-0.03786407766990296
2006-01-06,1013,1021,961,987,61351,-0.004036326942482349
2006-01-09,997,1026,987,1020,48158,0.033434650455927084
2006-01-10,1026,1030,994,1020,18630,0.0
2006-01-11,1019,1019,987,1020,17385,0.0
2006-01-12,1012,1062,1012,1052,47090,0.031372549019607954
2006-01-13,1039,1098,1030,1074,36170,0.02091254752851701
2006-01-16,1073,1083,1047,1048,12330,-0.02420856610800748
2006-01-17,1040,1042,987,987,22671,-0.05820610687022898
2006-01-18,969,987,915,930,25401,-0.05775075987841949
2006-01-19,915,960,915,948,9040,0.019354838709677358
2006-01-20,947,972,904,905,14950,-0.04535864978902948
2006-01-23,897,897,827,847,18290,-0.06408839779005526
2006-01-24,897,897,830,878,12230,0.03659976387249109
2006-01-25,882,904,879,889,16540,0.01252847380410027
2006-01-26,900,949,900,921,10420,0.03599550056242973
2006-01-27,920,949,909,923,12970,0.0021715526601520097
2006-01-31,916,938,916,935,7150,0.01300108342361872
2006-02-01,935,940,900,916,19359,-0.02032085561497321
2006-02-02,920,943,920,934,14990,0.01965065502183405
2006-02-03,933,933,864,910,13280,-0.025695931477516032
2006-02-06,897,909,884,905,14940,-0.005494505494505475
2006-02-07,890,918,890,898,2690,-0.007734806629834279
2006-02-08,886,917,872,890,5680,-0.008908685968819552
2006-02-09,915,915,868,890,16180,0.0
2006-02-10,900,900,861,887,5850,-0.003370786516853963
2006-02-13,886,897,866,869,6439,-0.020293122886133053
2006-02-14,845,868,845,869,16520,0.0
2006-02-15,868,891,861,880,28950,0.012658227848101333
2006-02-16,884,911,879,912,7321,0.036363636363636376
2006-02-17,918,918,900,916,1840,0.004385964912280604
2006-02-20,904,933,904,921,2420,0.005458515283842891
2006-02-21,911,933,904,921,8860,0.0
2006-02-22,920,945,906,923,21540,0.0021715526601520097
2006-02-23,926,945,899,926,205852,0.003250270855904569
2006-02-24,947,990,947,952,42820,0.02807775377969768
2006-02-27,960,987,960,977,26470,0.02626050420168058
2006-02-28,976,1003,976,977,33310,0.0
2006-03-02,981,1013,969,973,25741,-0.004094165813715467
2006-03-03,965,994,943,968,42670,-0.005138746145940343
2006-03-06,997,1030,972,1020,28202,0.05371900826446274
2006-03-07,1005,1019,983,987,16029,-0.032352941176470584
2006-03-08,976,994,969,984,9360,-0.003039513677811523
2006-03-09,983,1012,979,1013,15073,0.029471544715447218
2006-03-10,1012,1037,995,998,10969,-0.014807502467917066
2006-03-13,997,1030,997,1016,11580,0.018036072144288484
2006-03-14,1026,1026,972,991,13830,-0.02460629921259838
2006-03-15,992,1005,985,986,8586,-0.005045408678102881
2006-03-16,976,988,969,984,7454,-0.0020283975659228792
2006-03-17,972,996,970,996,2940,0.012195121951219523
2006-03-20,997,997,985,995,7110,-0.0010040160642570406
2006-03-21,994,999,981,987,3470,-0.008040201005025116
2006-03-22,987,1013,969,1000,19450,0.01317122593718345
2006-03-23,1004,1012,985,991,7380,-0.009000000000000008
2006-03-24,990,1005,969,969,7630,-0.02219979818365292
2006-03-27,976,992,969,993,9560,0.024767801857585203
2006-03-28,987,999,976,987,7010,-0.0060422960725075026
2006-03-29,987,987,967,969,18110,-0.018237082066869248
2006-03-30,981,997,972,998,15070,0.029927760577915352
2006-03-31,997,1049,997,1048,14950,0.05010020040080154
2006-04-03,1058,1058,1033,1047,19171,-0.000954198473282486
2006-04-04,1046,1062,1033,1050,10529,0.002865329512893977
2006-04-05,1047,1101,1039,1100,23690,0.04761904761904767
2006-04-06,1092,1146,1092,1129,35430,0.026363636363636367
2006-04-07,1127,1175,1127,1156,49820,0.023914968999114272
2006-04-10,1146,1166,1134,1160,29921,0.0034602076124568004
2006-04-11,1148,1184,1148,1185,36030,0.02155172413793105
2006-04-12,1198,1234,1173,1206,12976,0.017721518987341867
2006-04-13,1204,1205,1148,1185,18620,-0.01741293532338306
2006-04-14,1184,1200,1170,1179,26130,-0.005063291139240533
2006-04-17,1177,1245,1170,1217,84060,0.03223070398642913
2006-04-18,1223,1261,1220,1262,48100,0.03697617091207883
2006-04-19,1286,1310,1241,1310,48942,0.03803486529318545
2006-04-20,1328,1389,1310,1364,46520,0.04122137404580162
2006-04-21,1364,1430,1349,1415,40926,0.03739002932551316
2006-04-24,1453,1453,1403,1404,32162,-0.007773851590106018
2006-04-25,1417,1417,1324,1337,76132,-0.047720797720797736
2006-04-26,1310,1342,1308,1327,39740,-0.007479431563201189
2006-04-27,1331,1356,1270,1275,47580,-0.03918613413715144
2006-04-28,1281,1286,1238,1239,34090,-0.028235294117647025
2006-05-02,1238,1324,1238,1300,41490,0.0492332526230832
2006-05-03,1292,1328,1265,1282,32310,-0.013846153846153841
2006-05-04,1288,1288,1247,1266,16820,-0.012480499219968744
2006-05-08,1274,1310,1268,1289,21411,0.018167456556082096
2006-05-09,1292,1302,1250,1257,19060,-0.024825446082234248
2006-05-10,1256,1265,1206,1215,24690,-0.03341288782816232
2006-05-11,1215,1249,1191,1206,14482,-0.007407407407407418
2006-05-12,1191,1205,1170,1192,11768,-0.011608623548922004
2006-05-15,1173,1204,1166,1194,8810,0.001677852348993314
2006-05-16,1184,1222,1137,1138,12520,-0.04690117252931325
2006-05-17,1141,1163,1121,1163,9150,0.02196836555360271
2006-05-18,1112,1137,1098,1104,10280,-0.05073086844368013
2006-05-19,1083,1109,1076,1106,12560,0.0018115942028984477
2006-05-22,1105,1123,1073,1092,7610,-0.012658227848101222
2006-05-23,1057,1089,1033,1068,31750,-0.02197802197802201
2006-05-24,1060,1073,1042,1074,7860,0.00561797752808979
2006-05-25,1065,1076,1057,1072,11540,-0.0018621973929237035
2006-05-26,1075,1105,1071,1102,14110,0.027985074626865725
2006-05-29,1112,1135,1094,1095,16460,-0.006352087114337546
2006-05-30,1082,1101,1073,1083,12970,-0.010958904109588996
2006-06-01,1065,1091,1022,1039,6133,-0.04062788550323171
2006-06-02,1051,1057,1026,1050,8190,0.010587102983638186
2006-06-05,1040,1062,988,1027,11701,-0.02190476190476187
2006-06-07,997,1012,969,987,11140,-0.038948393378773094
2006-06-08,969,1026,961,993,4401,0.006079027355623046
2006-06-09,994,1037,992,1013,28710,0.020140986908358416
2006-06-12,1012,1026,999,1014,4760,0.000987166831194486
2006-06-13,995,1008,983,984,4940,-0.029585798816568087
2006-06-14,1040,1040,1003,1004,12490,0.020325203252032464
2006-06-15,1013,1037,1008,1021,9260,0.016932270916334646
2006-06-16,1024,1058,987,1054,15370,0.03232125367286964
2006-06-19,1058,1058,1040,1045,2840,-0.008538899430740043
2006-06-20,1028,1044,1005,1020,2190,-0.02392344497607657
2006-06-21,1012,1033,994,1025,3500,0.004901960784313708
2006-06-22,1033,1033,997,1005,8540,-0.019512195121951237
2006-06-23,990,1004,958,984,11130,-0.020895522388059695
2006-06-26,974,994,961,984,4000,0.0
2006-06-27,1012,1012,976,1000,4420,0.016260162601626105
2006-06-28,987,1001,969,1000,2330,0.0
2006-06-29,992,1024,992,1023,5550,0.02299999999999991
2006-06-30,1030,1047,1019,1027,4263,0.003910068426197455
2006-07-03,1021,1030,1005,1027,3780,0.0
2006-07-04,1026,1028,1008,1027,2660,0.0
2006-07-05,1005,1023,990,1005,3680,-0.02142161635832518
2006-07-06,990,1005,969,987,2050,-0.017910447761193993
2006-07-07,988,1023,970,987,2920,0.0
2006-07-10,970,1001,970,984,2080,-0.003039513677811523
2006-07-11,970,997,969,987,4590,0.0030487804878047697
2006-07-12,979,1012,979,998,6940,0.011144883485308954
2006-07-13,974,1003,974,987,1550,-0.011022044088176308
2006-07-14,974,985,936,962,6770,-0.025329280648429542
2006-07-18,936,961,922,930,2770,-0.033264033264033266
2006-07-19,920,933,902,916,2900,-0.01505376344086018
2006-07-20,920,934,918,934,2860,0.01965065502183405
2006-07-21,926,933,918,934,950,0.0
2006-07-24,922,940,922,941,1500,0.007494646680942241
2006-07-25,947,979,940,977,4274,0.03825717321997879
2006-07-26,976,1017,976,998,14620,0.02149437052200609
2006-07-27,994,1005,983,1002,3045,0.004008016032064132
2006-07-28,994,1005,969,995,4850,-0.006986027944111739
2006-07-31,981,999,972,996,5460,0.0010050251256281673
2006-08-01,985,1003,979,993,1470,-0.003012048192771122
2006-08-02,985,1001,940,944,37894,-0.04934541792547831
2006-08-03,943,958,922,942,20615,-0.0021186440677966045
2006-08-04,933,947,929,934,5560,-0.00849256900212314
2006-08-07,934,947,922,934,2940,0.0
2006-08-08,920,936,915,930,2216,-0.004282655246252709
2006-08-09,929,967,906,955,12930,0.026881720430107503
2006-08-10,938,951,938,941,4197,-0.014659685863874339
2006-08-11,940,951,918,939,3490,-0.002125398512221044
2006-08-14,938,944,922,937,1893,-0.0021299254526091493
2006-08-16,936,938,922,939,1970,0.002134471718249653
2006-08-17,933,944,922,941,4460,0.0021299254526092604
2006-08-18,933,940,920,934,3810,-0.007438894792773598
2006-08-21,924,944,922,930,4370,-0.004282655246252709
2006-08-22,926,934,915,928,2280,-0.0021505376344086446
2006-08-23,920,931,904,907,5446,-0.022629310344827624
2006-08-24,913,943,913,935,11310,0.030871003307607392
2006-08-25,940,997,940,977,17110,0.044919786096256686
2006-08-28,976,1012,963,1002,31669,0.025588536335721557
2006-08-29,1058,1150,1031,1151,95624,0.14870259481037928
2006-08-30,1223,1252,1082,1113,247618,-0.03301476976542139
2006-08-31,1114,1143,1082,1133,62843,0.017969451931716174
2006-09-01,1101,1125,1046,1048,63448,-0.07502206531332745
2006-09-04,1048,1069,1039,1045,28379,-0.002862595419847347
2006-09-05,1066,1094,1046,1050,38332,0.004784688995215225
2006-09-06,1051,1057,1017,1057,20610,0.006666666666666599
2006-09-07,1040,1057,1030,1036,11210,-0.019867549668874163
2006-09-08,1033,1075,1030,1068,25981,0.030888030888030826
2006-09-11,1060,1094,1044,1070,23240,0.001872659176029856
2006-09-12,1060,1128,1049,1092,71900,0.020560747663551426
2006-09-13,1114,1114,1062,1070,40061,-0.020146520146520186
2006-09-14,1062,1078,1057,1066,15349,-0.0037383177570093906
2006-09-15,1076,1076,1055,1063,13250,-0.0028142589118198558
2006-09-18,1069,1082,1053,1075,14051,0.011288805268109048
2006-09-19,1067,1109,1067,1093,14590,0.016744186046511622
2006-09-20,1094,1098,1078,1088,10869,-0.0045745654162854255
2006-09-21,1112,1141,1091,1118,26011,0.02757352941176472
2006-09-22,1116,1227,1103,1149,79481,0.027728085867620766
2006-09-25,1177,1211,1152,1152,36084,0.0026109660574411553
2006-09-26,1153,1166,1100,1109,27970,-0.03732638888888884
2006-09-27,1101,1119,1094,1106,14759,-0.0027051397655545317
2006-09-28,1100,1112,1087,1099,18521,-0.006329113924050667
2006-09-29,1107,1123,1096,1117,16380,0.016378525932666088
2006-10-02,1148,1148,1109,1109,8100,-0.0071620411817368
2006-10-04,1112,1112,1069,1070,12557,-0.035166816952209246
2006-10-09,1040,1076,1006,1009,38560,-0.05700934579439254
2006-10-10,1015,1085,1008,1059,43870,0.049554013875123815
2006-10-11,1055,1084,1051,1068,9300,0.008498583569405138
2006-10-12,1062,1110,1062,1088,4010,0.01872659176029967
2006-10-13,1094,1132,1071,1099,24260,0.010110294117646967
2006-10-16,1098,1119,1098,1109,6220,0.009099181073703333
2006-10-17,1109,1109,1073,1086,4170,-0.020739404869251632
2006-10-18,1069,1087,1055,1086,7520,0.0
2006-10-19,1080,1080,1048,1063,17080,-0.02117863720073665
2006-10-20,1062,1073,1046,1059,4180,-0.0037629350893697566
2006-10-23,1060,1073,1058,1066,4330,0.006610009442870712
2006-10-24,1067,1123,1067,1109,18820,0.0403377110694183
2006-10-25,1114,1137,1080,1131,21710,0.019837691614066788
2006-10-26,1130,1155,1116,1131,17010,0.0
2006-10-27,1137,1155,1112,1113,11280,-0.01591511936339518
2006-10-30,1101,1116,1100,1117,3861,0.003593890386343279
2006-10-31,1109,1170,1109,1167,14775,0.04476275738585489
2006-11-01,1150,1249,1150,1221,52960,0.046272493573264795
2006-11-02,1220,1263,1204,1239,29455,0.014742014742014753
2006-11-03,1238,1252,1207,1239,14164,0.0
2006-11-06,1238,1265,1213,1266,20553,0.021791767554479424
2006-11-07,1259,1274,1252,1266,13710,0.0
2006-11-08,1252,1277,1225,1269,16742,0.0023696682464455776
2006-11-09,1274,1292,1243,1289,21604,0.01576044129235621
2006-11-10,1295,1295,1254,1257,7518,-0.024825446082234248
2006-11-13,1256,1268,1238,1253,2870,-0.0031821797931582685
2006-11-14,1252,1252,1220,1248,7690,-0.003990422984836428
2006-11-15,1222,1256,1222,1257,5415,0.007211538461538547
2006-11-16,1236,1302,1236,1291,8670,0.02704852824184556
2006-11-17,1306,1328,1268,1327,18930,0.027885360185902375
2006-11-20,1326,1335,1304,1307,5840,-0.015071590052750605
2006-11-21,1306,1324,1299,1316,7117,0.006885998469778221
2006-11-22,1310,1342,1284,1341,13480,0.018996960486322267
2006-11-23,1356,1381,1340,1352,15850,0.00820283370618946
2006-11-24,1351,1399,1346,1368,11660,0.01183431952662728
2006-11-27,1367,1424,1317,1393,23688,0.018274853801169666
2006-11-28,1385,1554,1374,1555,42805,0.11629576453697066
2006-11-29,1608,1643,1502,1504,53282,-0.03279742765273308
2006-11-30,1509,1518,1432,1459,67783,-0.029920212765957466
2006-12-01,1457,1457,1410,1438,20323,-0.014393420150788261
2006-12-04,1437,1482,1435,1436,20094,-0.0013908205841446364
2006-12-05,1457,1457,1417,1433,18465,-0.002089136490250665
2006-12-06,1403,1433,1401,1422,14910,-0.007676203768318235
2006-12-07,1433,1455,1417,1425,18353,0.0021097046413502962
2006-12-08,1433,1433,1378,1393,11003,-0.022456140350877174
2006-12-11,1392,1407,1353,1354,18488,-0.02799712849964109
2006-12-12,1342,1349,1261,1262,30363,-0.06794682422451992
2006-12-13,1261,1297,1261,1278,25930,0.01267828843106189
2006-12-14,1277,1363,1270,1346,30057,0.05320813771518007
2006-12-15,1365,1370,1306,1346,21410,0.0
2006-12-18,1346,1358,1324,1345,12270,-0.0007429420505200568
2006-12-19,1344,1385,1336,1337,14360,-0.005947955390334547
2006-12-20,1337,1356,1322,1345,9020,0.005983545250560995
2006-12-21,1344,1367,1311,1312,7774,-0.024535315985130146
2006-12-22,1290,1315,1290,1298,5354,-0.010670731707317027
2006-12-26,1283,1308,1258,1285,16250,-0.01001540832049308
2006-12-27,1284,1284,1265,1283,6983,-0.0015564202334630295
2006-12-28,1283,1299,1277,1282,5020,-0.000779423226812126
2007-01-02,1283,1285,1259,1276,4930,-0.004680187207488307
2007-01-03,1267,1274,1256,1257,5740,-0.014890282131661436
2007-01-04,1256,1256,1238,1240,6730,-0.01352426412092278
2007-01-05,1232,1256,1213,1235,3131,-0.0040322580645161255
2007-01-08,1234,1234,1218,1235,1630,0.0
2007-01-09,1213,1252,1213,1253,4350,0.014574898785425061
2007-01-10,1279,1279,1220,1248,4411,-0.003990422984836428
2007-01-11,1231,1245,1227,1237,4484,-0.008814102564102533
2007-01-12,1220,1247,1216,1231,4643,-0.004850444624090566
2007-01-15,1229,1241,1195,1196,7851,-0.02843216896831846
2007-01-16,1189,1209,1177,1185,6821,-0.009197324414715768
2007-01-17,1177,1195,1153,1185,9917,0.0
2007-01-18,1218,1218,1152,1179,5580,-0.005063291139240533
2007-01-19,1173,1173,1132,1156,4760,-0.019508057675996615
2007-01-22,1125,1146,1107,1138,12281,-0.01557093425605538
2007-01-23,1135,1146,1105,1144,10350,0.005272407732864748
2007-01-24,1143,1152,1130,1138,1990,-0.005244755244755206
2007-01-25,1144,1166,1139,1144,5611,0.005272407732864748
2007-01-26,1135,1184,1134,1185,24221,0.03583916083916083
2007-01-29,1213,1213,1177,1190,5460,0.00421940928270037
2007-01-30,1197,1367,1195,1339,190229,0.12521008403361344
2007-01-31,1328,1328,1234,1248,58174,-0.06796116504854366
2007-02-01,1243,1292,1227,1239,29292,-0.007211538461538436
2007-02-02,1238,1256,1218,1257,24251,0.014527845036319542
2007-02-05,1259,1267,1245,1253,10085,-0.0031821797931582685
2007-02-06,1252,1259,1216,1230,10512,-0.018355945730247458
2007-02-07,1229,1229,1202,1228,14536,-0.001626016260162566
2007-02-08,1227,1249,1202,1203,6682,-0.02035830618892509
2007-02-09,1202,1227,1202,1221,4161,0.014962593516209433
2007-02-12,1206,1227,1206,1221,3269,0.0
2007-02-13,1209,1252,1205,1242,8550,0.017199017199017286
2007-02-14,1245,1256,1231,1235,4022,-0.005636070853462183
2007-02-15,1238,1276,1236,1267,7926,0.025910931174089047
2007-02-16,1268,1277,1252,1253,6400,-0.011049723756906049
2007-02-20,1241,1277,1241,1267,4340,0.011173184357541999
2007-02-21,1274,1281,1257,1258,5854,-0.007103393843725381
2007-02-22,1252,1272,1250,1269,6720,0.008744038155802825
2007-02-23,1270,1272,1245,1262,2021,-0.005516154452324673
2007-02-26,1261,1272,1229,1240,5770,-0.017432646592709933
2007-02-27,1231,1238,1213,1215,6651,-0.020161290322580627
2007-02-28,1180,1184,1116,1181,7914,-0.027983539094650234
2007-03-02,1180,1184,1159,1167,3395,-0.011854360711261669
2007-03-05,1135,1171,1135,1158,3010,-0.007712082262210762
2007-03-06,1152,1177,1148,1172,1704,0.012089810017271052
2007-03-07,1175,1216,1175,1210,3690,0.03242320819112621
2007-03-08,1209,1220,1184,1217,5712,0.005785123966942196
2007-03-09,1220,1220,1205,1219,2492,0.0016433853738702098
2007-03-12,1241,1241,1205,1231,9250,0.009844134536505234
2007-03-13,1231,1234,1211,1219,2120,-0.009748172217709183
2007-03-14,1216,1216,1193,1210,4440,-0.007383100902379036
2007-03-15,1193,1220,1193,1210,3174,0.0
2007-03-16,1216,1218,1204,1208,2973,-0.0016528925619834212
2007-03-19,1220,1249,1216,1239,6510,0.025662251655629076
2007-03-20,1238,1267,1227,1251,13960,0.009685230024213176
2007-03-21,1250,1299,1238,1275,21900,0.01918465227817756
2007-03-22,1285,1295,1267,1285,9520,0.007843137254901933
2007-03-23,1284,1292,1259,1275,3920,-0.0077821011673151474
2007-03-26,1274,1292,1274,1289,9020,0.01098039215686275
2007-03-27,1274,1299,1267,1293,9530,0.003103180760279267
2007-03-28,1288,1295,1270,1273,3610,-0.015467904098994567
2007-03-29,1250,1270,1249,1271,4460,-0.0015710919088767206
2007-03-30,1270,1284,1256,1271,7600,0.0
2007-04-02,1261,1277,1257,1271,3820,0.0
2007-04-03,1270,1274,1261,1271,2671,0.0
2007-04-04,1274,1274,1249,1253,19338,-0.014162077104642012
2007-04-05,1256,1256,1223,1240,6321,-0.010375099760574602
2007-04-06,1240,1249,1220,1239,16650,-0.0008064516129032695
2007-04-09,1256,1299,1240,1293,19780,0.04358353510895885
2007-04-10,1292,1354,1290,1325,18979,0.024748646558391263
2007-04-11,1324,1364,1295,1350,20370,0.018867924528301883
2007-04-12,1301,1367,1301,1334,13098,-0.011851851851851891
2007-04-13,1360,1360,1315,1336,6270,0.0014992503748125774
2007-04-16,1336,1381,1335,1379,15574,0.03218562874251507
2007-04-17,1378,1399,1364,1377,8886,-0.0014503263234227903
2007-04-18,1376,1410,1374,1400,7510,0.016702977487291104
2007-04-19,1399,1416,1360,1373,5460,-0.01928571428571424
2007-04-20,1374,1389,1356,1368,9872,-0.0036416605972323657
2007-04-23,1387,1399,1363,1395,18680,0.019736842105263053
2007-04-24,1414,1419,1380,1418,24130,0.016487455197132572
2007-04-25,1417,1426,1387,1402,14430,-0.01128349788434413
2007-04-26,1401,1543,1394,1486,26000,0.059914407988587826
2007-04-27,1491,1496,1455,1497,28330,0.007402422611036297
2007-04-30,1504,1518,1486,1504,15700,0.004676018704074858
2007-05-02,1503,1507,1471,1508,10050,0.0026595744680850686
2007-05-03,1493,1539,1493,1508,6329,0.0
2007-05-04,1507,1538,1493,1519,12280,0.007294429708222916
2007-05-07,1521,1561,1518,1553,14581,0.022383146807109844
2007-05-08,1543,1552,1539,1553,9460,0.0
2007-05-09,1552,1561,1525,1553,4010,0.0
2007-05-10,1559,1559,1529,1549,7310,-0.0025756600128783447
2007-05-11,1543,1543,1496,1515,8290,-0.021949644932214296
2007-05-14,1502,1525,1467,1515,16382,0.0
2007-05-15,1514,1521,1489,1512,4800,-0.001980198019801982
2007-05-16,1511,1521,1294,1495,17122,-0.011243386243386277
2007-05-17,1480,1498,1464,1493,9650,-0.0013377926421405117
2007-05-18,1482,1496,1471,1474,7540,-0.01272605492297385
2007-05-21,1451,1475,1451,1465,10436,-0.006105834464043447
2007-05-22,1464,1532,1464,1508,18810,0.029351535836177556
2007-05-23,1527,1539,1511,1538,12710,0.019893899204244114
2007-05-25,1534,1539,1507,1538,4900,0.0
2007-05-28,1541,1611,1541,1580,11856,0.027308192457737412
2007-05-29,1579,1609,1550,1594,12170,0.008860759493670933
2007-05-30,1593,1597,1572,1594,5004,0.0
2007-05-31,1615,1699,1615,1680,12960,0.053952321204516984
2007-06-01,1678,1687,1622,1657,23020,-0.013690476190476142
2007-06-04,1640,1669,1615,1626,20800,-0.01870850935425472
2007-06-05,1626,1649,1615,1650,8790,0.014760147601476037
2007-06-07,1615,1726,1597,1700,11100,0.030303030303030276
2007-06-08,1699,1708,1679,1700,3420,0.0
2007-06-11,1699,1705,1660,1705,3770,0.002941176470588225
2007-06-12,1699,1705,1674,1705,5770,0.0
2007-06-13,1677,1696,1622,1695,5970,-0.0058651026392961825
2007-06-14,1694,1701,1661,1695,4930,0.0
2007-06-15,1694,1712,1683,1687,2210,-0.00471976401179941
2007-06-18,1686,1686,1651,1677,4370,-0.005927682276229973
2007-06-19,1652,1679,1615,1651,2680,-0.015503875968992276
2007-06-20,1651,1669,1507,1616,8415,-0.021199273167777144
2007-06-21,1615,1681,1579,1632,4410,0.00990099009900991
2007-06-22,1629,1649,1608,1630,941,-0.001225490196078427
2007-06-25,1597,1629,1547,1594,5260,-0.02208588957055213
2007-06-26,1552,1593,1543,1578,2330,-0.010037641154328703
2007-06-27,1577,1577,1539,1569,4200,-0.005703422053231932
2007-06-28,1555,1568,1511,1549,10281,-0.01274697259400892
2007-06-29,1550,1568,1532,1551,4404,0.0012911555842478606
2007-07-02,1550,1597,1550,1569,7786,0.011605415860735047
2007-07-03,1568,1586,1532,1544,17502,-0.015933715742511123
2007-07-04,1545,1557,1521,1547,10853,0.0019430051813471572
2007-07-05,1545,1572,1511,1569,15845,0.014221073044602406
2007-07-06,1575,1597,1574,1583,8260,0.008922880815806167
2007-07-09,1582,1593,1538,1547,27660,-0.0227416298168035
2007-07-10,1541,1543,1509,1544,10950,-0.0019392372333548735
2007-07-11,1541,1554,1518,1542,9800,-0.0012953367875647714
2007-07-12,1543,1554,1529,1544,13730,0.0012970168612191912
2007-07-13,1545,1647,1543,1608,33578,0.041450777202072464
2007-07-16,1608,1615,1570,1580,14190,-0.01741293532338306
2007-07-18,1579,1640,1579,1625,18370,0.028481012658227778
2007-07-19,1633,1651,1608,1616,7940,-0.005538461538461492
2007-07-20,1615,1656,1600,1655,26116,0.02413366336633671
2007-07-23,1588,1606,1568,1587,27396,-0.04108761329305133
2007-07-24,1591,1600,1527,1533,22953,-0.03402646502835538
2007-07-25,1511,1597,1511,1598,20661,0.0424005218525767
2007-07-26,1604,1669,1583,1664,22348,0.041301627033792254
2007-07-27,1658,1658,1615,1641,10100,-0.013822115384615419
2007-07-30,1640,1640,1586,1641,5130,0.0
2007-07-31,1640,1692,1595,1686,9080,0.027422303473491727
2007-08-01,1652,1683,1640,1668,6540,-0.010676156583629859
2007-08-02,1669,1669,1617,1648,5970,-0.011990407673860948
2007-08-03,1651,1669,1622,1644,5310,-0.0024271844660194164
2007-08-06,1584,1635,1584,1616,3280,-0.01703163017031628
2007-08-07,1622,1658,1593,1630,2594,0.00866336633663356
2007-08-08,1651,1651,1611,1650,1270,0.012269938650306678
2007-08-09,1647,1656,1626,1657,4610,0.004242424242424159
2007-08-10,1625,1638,1609,1637,6011,-0.012070006035002967
2007-08-13,1636,1652,1597,1634,6940,-0.0018326206475259843
2007-08-14,1626,1629,1579,1616,5940,-0.011015911872705009
2007-08-16,1543,1609,1435,1508,8610,-0.06683168316831678
2007-08-17,1507,1509,1453,1493,8120,-0.009946949602122057
2007-08-20,1543,1561,1500,1562,4510,0.04621567314132613
2007-08-21,1586,1586,1489,1562,2750,0.0
2007-08-22,1541,1570,1536,1562,3880,0.0
2007-08-23,1586,1586,1554,1576,5410,0.008962868117797784
2007-08-24,1559,1579,1525,1574,8750,-0.0012690355329949554
2007-08-27,1595,1595,1563,1565,610,-0.005717916137229939
2007-08-28,1554,1579,1554,1569,1630,0.002555910543130979
2007-08-29,1507,1579,1496,1580,7000,0.007010834926704845
2007-08-30,1579,1579,1552,1578,9500,-0.0012658227848101333
2007-08-31,1580,1629,1563,1630,6710,0.032953105196451116
2007-09-03,1629,1651,1600,1651,2370,0.012883435582822012
2007-09-04,1649,1649,1608,1641,5896,-0.006056935190793422
2007-09-05,1640,1640,1613,1632,3200,-0.005484460694698323
2007-09-06,1629,1642,1593,1641,2880,0.005514705882353033
2007-09-07,1617,1647,1608,1608,1960,-0.020109689213894
2007-09-10,1595,1597,1539,1598,2090,-0.006218905472636815
2007-09-11,1597,1599,1568,1598,720,0.0
2007-09-12,1606,1606,1564,1580,610,-0.01126408010012514
2007-09-13,1579,1579,1561,1562,4870,-0.011392405063291089
2007-09-14,1543,1615,1525,1599,9781,0.023687580025608224
2007-09-17,1599,1604,1580,1605,120,0.0037523452157599557
2007-09-18,1604,1604,1561,1594,2010,-0.006853582554517179
2007-09-19,1577,1625,1577,1598,871,0.0025094102885820924
2007-09-20,1597,1615,1582,1608,1150,0.006257822277847325
2007-09-21,1583,1669,1575,1666,11520,0.03606965174129351
2007-09-27,1651,1683,1618,1678,24782,0.007202881152460927
2007-09-28,1690,1749,1676,1750,12671,0.042908224076281254
2007-10-01,1783,2009,1774,2010,68121,0.14857142857142858
2007-10-02,2207,2311,2142,2312,256434,0.15024875621890543
2007-10-04,2354,2641,2315,2545,210561,0.10077854671280284
2007-10-05,2566,2652,2444,2567,109785,0.0086444007858546
2007-10-08,2587,2745,2368,2470,87258,-0.03778730035060385
2007-10-09,2469,2469,2153,2323,70602,-0.05951417004048587
2007-10-10,2304,2387,2139,2176,62347,-0.06328024106758501
2007-10-11,2193,2243,2067,2150,69805,-0.011948529411764719
2007-10-12,2186,2186,2045,2100,29118,-0.023255813953488413
2007-10-15,2128,2275,2063,2226,70399,0.06000000000000005
2007-10-16,2186,2232,1891,1892,92992,-0.15004492362982924
2007-10-17,1801,1848,1722,1831,65030,-0.03224101479915431
2007-10-18,1816,1888,1719,1761,54670,-0.03823047515019118
2007-10-19,1766,1834,1749,1756,35283,-0.0028392958546280544
2007-10-22,1686,2017,1617,1921,164245,0.0939635535307517
2007-10-23,2020,2020,1845,1939,68535,0.00937011972930768
2007-10-24,1956,1974,1767,1831,42547,-0.0556988138215575
2007-10-25,1844,1902,1766,1867,34891,0.01966138722009836
2007-10-26,1841,1887,1769,1824,35647,-0.023031601499732157
2007-10-29,1848,1859,1789,1831,21965,0.003837719298245723
2007-10-30,1845,1845,1783,1802,16273,-0.015838339705079196
2007-10-31,1805,1830,1780,1806,23046,0.002219755826859071
2007-11-01,1827,1945,1783,1924,40083,0.06533776301218164
2007-11-02,1891,1938,1845,1878,19766,-0.023908523908523938
2007-11-05,1884,1909,1827,1856,11769,-0.011714589989350377
2007-11-06,1848,1859,1812,1845,11332,-0.00592672413793105
2007-11-07,1845,1906,1819,1842,11460,-0.001626016260162566
2007-11-08,1805,1819,1764,1802,13857,-0.021715526601520097
2007-11-09,1794,1827,1782,1809,16531,0.0038845726970033745
2007-11-12,1787,1798,1737,1784,8876,-0.013819789939192972
2007-11-13,1706,1793,1703,1763,15705,-0.011771300448430444
2007-11-14,1791,1805,1746,1763,10729,0.0
2007-11-15,1764,1787,1740,1777,6930,0.00794100964265465
2007-11-16,1751,1785,1744,1782,16390,0.002813731007315745
2007-11-19,1794,1812,1755,1779,3110,-0.0016835016835017313
2007-11-20,1692,1767,1692,1766,5200,-0.007307476110174238
2007-11-21,1740,1766,1705,1723,6030,-0.024348810872027227
2007-11-22,1683,1730,1683,1723,8683,0.0
2007-11-23,1722,1746,1654,1657,11555,-0.03830528148578061
2007-11-26,1651,1681,1636,1666,30680,0.005431502715751435
2007-11-27,1633,1665,1613,1666,8582,0.0
2007-11-28,1654,1712,1654,1669,2378,0.0018007202881151763
2007-11-29,1672,1740,1672,1741,5630,0.04313960455362498
2007-11-30,1766,1794,1722,1777,5572,0.020677771395749556
2007-12-03,1730,1776,1730,1770,3893,-0.003939223410241999
2007-12-04,1742,1785,1740,1786,1643,0.009039548022598876
2007-12-05,1758,1801,1722,1802,4300,0.008958566629339249
2007-12-06,1780,1794,1769,1784,1400,-0.009988901220865709
2007-12-07,1773,1774,1748,1748,5521,-0.020179372197309364
2007-12-10,1740,1757,1722,1745,2360,-0.0017162471395880674
2007-12-11,1665,1740,1665,1720,3491,-0.014326647564469885
2007-12-12,1728,1728,1658,1716,2900,-0.0023255813953488857
2007-12-13,1733,1733,1706,1727,3532,0.0064102564102563875
2007-12-14,1726,1748,1703,1723,1996,-0.0023161551823972504
2007-12-17,1692,1721,1690,1693,692,-0.01741149158444577
2007-12-18,1679,1696,1654,1687,2272,-0.0035440047253396667
2007-12-20,1669,1706,1669,1689,4282,0.0011855364552459946
2007-12-21,1676,1701,1665,1698,5000,0.005328596802841812
2007-12-24,1748,1748,1687,1722,2357,0.014134275618374659
2007-12-26,1721,1721,1699,1722,2258,0.0
2007-12-27,1636,1719,1636,1718,1440,-0.0023228803716608404
2007-12-28,1715,1767,1669,1768,3930,0.029103608847497187
2008-01-02,1766,1776,1730,1756,2618,-0.006787330316742057
2008-01-03,1746,1765,1706,1752,2684,-0.002277904328018221
2008-01-04,1722,1783,1699,1784,5307,0.0182648401826484
2008-01-07,1758,1845,1744,1802,3401,0.010089686098654793
2008-01-08,1794,1827,1794,1817,3116,0.008324084350721517
2008-01-09,1794,1848,1783,1831,11844,0.007705008255366019
2008-01-10,1852,1852,1812,1824,2655,-0.0038230475150191623
2008-01-11,1816,1827,1798,1799,8451,-0.013706140350877138
2008-01-14,1769,1794,1758,1795,4543,-0.0022234574763757564
2008-01-15,1794,1812,1776,1806,2843,0.006128133704735417
2008-01-16,1805,1812,1769,1790,2588,-0.008859357696566983
2008-01-17,1758,1787,1722,1756,5061,-0.018994413407821265
2008-01-18,1742,1765,1686,1766,5860,0.005694760820045497
2008-01-21,1766,1798,1733,1795,7821,0.016421291053227538
2008-01-22,1722,1787,1651,1734,9125,-0.03398328690807795
2008-01-23,1773,1773,1690,1705,1586,-0.016724336793540906
2008-01-24,1722,1812,1712,1784,13720,0.04633431085043993
2008-01-25,1787,1834,1787,1831,4730,0.026345291479820565
2008-01-28,1830,1830,1764,1799,2534,-0.017476788640087393
2008-01-29,1816,1927,1798,1903,14592,0.05780989438576989
2008-01-30,1902,2071,1902,1975,27749,0.03783499737256957
2008-01-31,1938,2010,1902,1953,10622,-0.011139240506329084
2008-02-01,1981,1981,1855,1939,6041,-0.007168458781361964
2008-02-04,1927,2017,1927,2003,7836,0.03300670448684895
2008-02-05,2045,2045,1977,2018,5838,0.007488766849725437
2008-02-11,1956,2006,1938,1957,10993,-0.030227948463825594
2008-02-12,1938,2042,1931,2039,6442,0.04190086867654563
2008-02-13,2074,2074,2020,2039,6794,0.0
2008-02-14,2078,2081,2045,2075,15041,0.01765571358509077
2008-02-15,2024,2081,2024,2064,4465,-0.005301204819277094
2008-02-18,2063,2096,2045,2097,17569,0.015988372093023173
2008-02-19,2114,2114,2060,2115,5566,0.008583690987124415
2008-02-20,2096,2132,2071,2125,5547,0.004728132387706863
2008-02-21,2128,2132,2081,2122,7885,-0.0014117647058823346
2008-02-22,2085,2114,2063,2111,1194,-0.00518378887841664
2008-02-25,2085,2128,2085,2111,3031,0.0
2008-02-26,2089,2132,2081,2122,2620,0.005210800568451024
2008-02-27,2121,2290,2096,2269,18921,0.06927426955702165
2008-02-28,2297,2315,2261,2294,8326,0.011018069634200156
2008-02-29,2293,2322,2243,2312,3136,0.007846556233652935
2008-03-03,2311,2311,2265,2280,4211,-0.01384083044982698
2008-03-04,2304,2304,2225,2244,4046,-0.015789473684210575
2008-03-05,2261,2261,2160,2237,11991,-0.003119429590017875
2008-03-06,2257,2351,2250,2326,7369,0.03978542691104159
2008-03-07,2329,2329,2268,2319,1539,-0.003009458297506429
2008-03-10,2315,2315,2225,2244,8337,-0.03234152652005173
2008-03-11,2211,2261,2211,2240,8548,-0.0017825311942959443
2008-03-12,2311,2311,2243,2272,1672,0.014285714285714235
2008-03-13,2272,2297,2193,2211,5636,-0.026848591549295753
2008-03-14,2304,2304,2189,2226,7819,0.006784260515603879
2008-03-17,2171,2225,2121,2211,5105,-0.006738544474393482
2008-03-18,2211,2225,2164,2197,981,-0.006331976481230184
2008-03-19,2196,2254,2175,2237,3572,0.01820664542558026
2008-03-20,2175,2236,2175,2211,1054,-0.011622708985248087
2008-03-21,2186,2279,2186,2247,1411,0.016282225237449044
2008-03-24,2247,2279,2211,2280,2503,0.014686248331108098
2008-03-25,2261,2282,2225,2280,3723,0.0
2008-03-26,2297,2297,2229,2262,4094,-0.007894736842105288
2008-03-27,2261,2261,2157,2226,7288,-0.01591511936339518
2008-03-28,2225,2225,2168,2190,8910,-0.016172506738544423
2008-03-31,2189,2232,2150,2233,3614,0.01963470319634708
2008-04-01,2232,2243,2171,2222,4572,-0.0049261083743842304
2008-04-02,2286,2286,2178,2226,1373,0.0018001800180018623
2008-04-03,2196,2225,2153,2183,3185,-0.019317160826594737
2008-04-04,2182,2185,2103,2147,6546,-0.01649106733852501
2008-04-07,2146,2171,2081,2129,3649,-0.008383791336748936
2008-04-08,2092,2135,2056,2097,3271,-0.015030530765617667
2008-04-10,2049,2089,2049,2071,2725,-0.012398664759179834
2008-04-11,2067,2132,2053,2129,2325,0.02800579430226935
2008-04-14,2132,2182,2089,2168,2078,0.018318459370596507
2008-04-15,2150,2189,2117,2158,2391,-0.004612546125461248
2008-04-16,2157,2160,2117,2161,6458,0.0013901760889711845
2008-04-17,2160,2164,2139,2158,4229,-0.0013882461823230274
2008-04-18,2153,2157,2117,2140,1418,-0.008341056533827662
2008-04-21,2135,2135,2085,2129,3091,-0.005140186915887801
2008-04-22,2114,2128,2078,2125,12530,-0.0018788163457021945
2008-04-23,2085,2135,2085,2086,3535,-0.018352941176470572
2008-04-24,2085,2096,2042,2061,9213,-0.011984659635666306
2008-04-25,2060,2067,2038,2057,4172,-0.0019408054342552328
2008-04-28,2056,2063,2027,2057,9783,0.0
2008-04-29,2056,2060,2020,2057,2007,0.0
2008-04-30,2056,2071,2031,2057,7866,0.0
2008-05-02,2056,2081,2013,2014,3140,-0.020904229460379176
2008-05-06,1999,2089,1977,2089,9882,0.037239324726911605
2008-05-07,2150,2150,2089,2125,7855,0.017233125897558654
2008-05-08,2124,2175,2081,2147,7148,0.010352941176470676
2008-05-09,2117,2175,2117,2154,1472,0.003260363297624691
2008-05-13,2153,2207,2153,2194,7754,0.01857010213556176
2008-05-14,2193,2221,2153,2197,7003,0.0013673655423882547
2008-05-15,2221,2261,2193,2201,3043,0.001820664542558026
2008-05-16,2200,2214,2189,2211,2064,0.004543389368468986
2008-05-19,2135,2261,2135,2201,4372,-0.0045228403437358455
2008-05-20,2200,2229,2171,2204,1998,0.0013630168105407403
2008-05-21,2189,2203,2168,2197,1235,-0.0031760435571688284
2008-05-22,2196,2218,2164,2204,3458,0.00318616294947649
2008-05-23,2239,2239,2182,2219,1743,0.0068058076225046005
2008-05-26,2200,2207,2178,2208,1721,-0.00495718792248756
2008-05-27,2207,2261,2189,2226,4155,0.008152173913043459
2008-05-28,2214,2218,2160,2208,1934,-0.008086253369272267
2008-05-29,2214,2214,2175,2179,2211,-0.013134057971014523
2008-05-30,2178,2203,2168,2204,607,0.011473152822395694
2008-06-02,2211,2211,2168,2183,912,-0.009528130671506374
2008-06-03,2153,2196,2117,2168,2479,-0.006871278057718699
2008-06-04,2139,2175,2135,2154,3221,-0.0064575645756457245
2008-06-05,2153,2185,2142,2154,731,0.0
2008-06-09,2099,2207,2099,2208,6300,0.025069637883008422
2008-06-10,2207,2207,2135,2179,1886,-0.013134057971014523
2008-06-11,2178,2178,2135,2176,1474,-0.0013767783386874344
2008-06-12,2128,2171,2124,2147,856,-0.013327205882352922
2008-06-13,2103,2146,2092,2132,1975,-0.006986492780624132
2008-06-16,2186,2186,2085,2136,1115,0.0018761726078799779
2008-06-17,2135,2135,2063,2079,6535,-0.026685393258427004
2008-06-18,2056,2099,2045,2046,2076,-0.015873015873015928
2008-06-19,2017,2045,1977,2000,3620,-0.022482893450635366
2008-06-20,1995,2063,1956,2046,20255,0.02299999999999991
2008-06-23,2045,2128,1956,2129,27399,0.040566959921798595
2008-06-24,2049,2124,2038,2118,2857,-0.005166744950681035
2008-06-25,2099,2099,2063,2079,1534,-0.018413597733711096
2008-06-26,2099,2117,2038,2118,8153,0.018759018759018753
2008-06-27,2117,2121,2081,2122,2518,0.0018885741265344258
2008-06-30,2121,2132,2089,2122,10300,0.0
2008-07-01,2110,2135,2110,2118,14145,-0.0018850141376060003
2008-07-02,2117,2150,2067,2150,7505,0.015108593012275628
2008-07-03,2135,2135,2081,2118,25309,-0.014883720930232602
2008-07-04,2106,2203,2106,2147,6443,0.01369216241737492
2008-07-07,2150,2150,2085,2150,6169,0.0013972985561248041
2008-07-08,2150,2150,2035,2111,5889,-0.018139534883720887
2008-07-09,2110,2110,2056,2068,2581,-0.020369493131217387
2008-07-10,2046,2092,2028,2093,1082,0.01208897485493221
2008-07-11,2092,2135,2063,2136,1800,0.020544672718585844
2008-07-14,2135,2146,2074,2147,2219,0.005149812734082326
2008-07-15,2146,2146,2103,2143,2292,-0.0018630647414997759
2008-07-16,2099,2146,2099,2143,1401,0.0
2008-07-17,2150,2150,2099,2136,2414,-0.003266448903406438
2008-07-18,2124,2135,2053,2136,12823,0.0
2008-07-21,2103,2139,2099,2140,3442,0.001872659176029856
2008-07-22,2128,2135,2067,2132,8244,-0.0037383177570093906
2008-07-23,2103,2164,2099,2165,3723,0.015478424015009429
2008-07-24,2164,2182,2128,2179,8242,0.006466512702078431
2008-07-25,2178,2261,2157,2226,9919,0.02156952730610362
2008-07-28,2225,2254,2196,2226,6909,0.0
2008-07-29,2225,2272,2196,2219,3859,-0.0031446540880503138
2008-07-30,2218,2243,2211,2244,6671,0.01126633618747186
2008-07-31,2243,2293,2243,2294,7994,0.022281639928698693
2008-08-01,2329,2333,2257,2298,10646,0.0017436791630340842
2008-08-04,2264,2315,2264,2301,6554,0.0013054830287206887
2008-08-05,2311,2469,2297,2391,18142,0.039113428943937434
2008-08-06,2430,2620,2415,2617,29101,0.09452112086992881
2008-08-07,2616,2616,2458,2499,14139,-0.045089797478028326
2008-08-08,2480,2656,2465,2621,23227,0.04881952781112453
2008-08-11,2674,2749,2638,2707,12120,0.03281190385349109
2008-08-12,2710,2710,2620,2707,6757,0.0
2008-08-13,2720,2724,2602,2657,4463,-0.018470631695604034
2008-08-14,2674,2674,2584,2649,6744,-0.0030109145652992275
2008-08-18,2602,2627,2509,2628,10093,-0.007927519818799578
2008-08-19,2584,2613,2512,2596,4429,-0.0121765601217656
2008-08-20,2566,2620,2530,2567,3415,-0.011171032357473076
2008-08-21,2580,2580,2483,2495,7615,-0.028048305414881236
2008-08-22,2473,2473,2325,2355,7229,-0.05611222444889774
2008-08-25,2340,2365,2257,2298,7914,-0.02420382165605095
2008-08-26,2279,2369,2229,2265,6509,-0.01436031331592691
2008-08-27,2290,2333,2232,2326,6311,0.026931567328918327
2008-08-28,2358,2368,2268,2283,7422,-0.018486672398968174
2008-08-29,2286,2333,2272,2333,4256,0.021901007446342602
2008-09-01,2322,2322,2207,2262,10521,-0.030432918988426927
2008-09-02,2250,2293,2189,2215,5479,-0.02077807250221042
2008-09-03,2186,2326,2186,2326,4389,0.050112866817155766
2008-09-04,2300,2404,2261,2405,12820,0.03396388650042992
2008-09-05,2333,2419,2333,2362,8330,-0.017879417879417825
2008-09-08,2329,2404,2329,2380,5296,0.007620660457239525
2008-09-09,2401,2401,2304,2341,2621,-0.016386554621848792
2008-09-10,2315,2351,2286,2333,3616,-0.0034173430158052076
2008-09-11,2272,2458,2272,2459,17075,0.0540077153879126
2008-09-12,2451,2512,2387,2513,61301,0.02196014640097599
2008-09-16,2351,2476,2289,2420,15225,-0.03700756068444089
2008-09-17,2419,2498,2383,2384,4346,-0.014876033057851235
2008-09-18,2329,2387,2304,2377,3052,-0.002936241610738244
2008-09-19,2404,2455,2358,2377,7832,0.0
2008-09-22,2430,2430,2300,2301,3326,-0.03197307530500626
2008-09-23,2300,2354,2268,2326,10675,0.010864841373315892
2008-09-24,2354,2365,2286,2366,6709,0.017196904557179815
2008-09-25,2365,2379,2304,2380,3783,0.00591715976331364
2008-09-26,2358,2361,2279,2280,4886,-0.04201680672268904
2008-09-29,2279,2315,2207,2208,3970,-0.03157894736842104
2008-09-30,2150,2261,2099,2262,5057,0.024456521739130377
2008-10-01,2243,2369,2236,2369,7239,0.0473032714412025
2008-10-02,2422,2422,2333,2351,5623,-0.007598142676234709
2008-10-06,2325,2325,2200,2258,2501,-0.03955763504891541
2008-10-07,2293,2293,2153,2258,2283,0.0
2008-10-08,2279,2279,2146,2147,4319,-0.04915854738706815
2008-10-09,2171,2171,1974,2118,2024,-0.013507219375873292
2008-10-10,2221,2221,1949,2053,4558,-0.030689329556185085
2008-10-13,2078,2146,1988,2082,3994,0.014125669751583025
2008-10-14,2315,2315,2092,2122,4297,0.019212295869356355
2008-10-15,2117,2153,2071,2107,1910,-0.00706880301602264
2008-10-16,2099,2099,1992,2071,3413,-0.0170859041290935
2008-10-17,2010,2200,1974,2028,5446,-0.020762916465475567
2008-10-20,2010,2117,1809,2118,6537,0.044378698224851965
2008-10-21,2099,2117,2042,2082,2465,-0.016997167138810165
2008-10-22,2074,2074,1920,1975,2085,-0.05139289145052839
2008-10-23,1827,1938,1679,1939,30334,-0.018227848101265876
2008-10-24,1930,1930,1701,1849,7134,-0.046415678184631215
2008-10-27,1686,1816,1573,1766,7772,-0.04488912925905897
2008-10-28,1615,2027,1615,2025,17092,0.14665911664779152
2008-10-29,2024,2153,1844,1867,3900,-0.0780246913580247
2008-10-30,1927,2117,1801,2118,19119,0.1344402785216925
2008-10-31,2028,2150,2002,2118,6156,0.0
2008-11-03,2117,2182,1956,1957,3491,-0.0760151085930123
2008-11-04,1995,2046,1967,1975,5809,0.009197751660705134
2008-11-05,1974,2056,1974,2018,4050,0.02177215189873416
2008-11-06,1981,1981,1866,1870,4368,-0.07333994053518333
2008-11-07,1798,1970,1776,1949,5242,0.042245989304812825
2008-11-10,2074,2074,1906,1931,2622,-0.009235505387378162
2008-11-11,1877,1956,1859,1888,3932,-0.022268254790264064
2008-11-12,1938,1963,1830,1931,3519,0.022775423728813582
2008-11-13,1866,1981,1834,1942,7055,0.00569653029518391
2008-11-14,1941,2027,1902,1928,5621,-0.007209062821833201
2008-11-17,1902,1949,1830,1949,5821,0.010892116182572575
2008-11-18,1909,1934,1873,1921,2237,-0.014366341713699327
2008-11-19,1891,1909,1848,1888,3970,-0.017178552837064043
2008-11-20,1866,1895,1791,1802,5439,-0.045550847457627164
2008-11-21,1801,1801,1749,1802,5719,0.0
2008-11-24,1805,1805,1726,1795,4837,-0.0038845726970033745
2008-11-25,1794,1830,1722,1723,8263,-0.040111420612813364
2008-11-26,1722,1740,1654,1723,12572,0.0
2008-11-27,1722,1740,1696,1712,12166,-0.006384213580963416
2008-11-28,1740,1794,1687,1795,9770,0.04848130841121501
2008-12-01,1794,1794,1722,1741,2130,-0.030083565459609996
2008-12-02,1721,1748,1669,1748,4225,0.004020677771395809
2008-12-03,1758,1758,1686,1687,3447,-0.03489702517162474
2008-12-04,1730,1730,1656,1720,3628,0.01956135151155891
2008-12-05,1669,1737,1667,1720,9822,0.0
2008-12-08,1719,1769,1717,1741,3700,0.012209302325581373
2008-12-09,1789,1789,1722,1741,4963,0.0
2008-12-10,1737,1762,1726,1745,4471,0.0022975301550833827
2008-12-11,1740,1776,1730,1759,3990,0.008022922636103047
2008-12-12,1740,1746,1627,1662,7990,-0.05514496873223418
2008-12-15,1722,1730,1690,1730,5480,0.04091456077015643
2008-12-16,1730,1816,1730,1784,17520,0.03121387283236987
2008-12-17,1794,1830,1749,1750,15461,-0.01905829596412556
2008-12-18,1751,1956,1751,1957,11760,0.11828571428571433
2008-12-19,1898,1956,1848,1885,17953,-0.036791006642820645
2008-12-22,1898,1902,1848,1885,16154,0.0
2008-12-23,1855,1873,1837,1867,8590,-0.009549071618037086
2008-12-24,1866,1909,1801,1867,13205,0.0
2008-12-26,1884,1884,1823,1863,5835,-0.002142474558114671
2008-12-29,1841,1916,1805,1849,2702,-0.007514761137949577
2008-12-30,1895,1895,1816,1849,17607,0.0
2009-01-02,1898,1898,1812,1853,1461,0.0021633315305571443
2009-01-05,1816,1852,1801,1842,3828,-0.005936319481921193
2009-01-06,1809,1848,1794,1831,3299,-0.0059717698154180265
2009-01-07,1841,1880,1758,1759,15706,-0.039322774440196606
2009-01-08,1758,1782,1710,1743,7179,-0.00909607731665718
2009-01-09,1742,1866,1733,1781,13495,0.021801491681009644
2009-01-12,1816,1816,1783,1802,4002,0.011791128579449639
2009-01-13,1805,2006,1783,1860,19391,0.03218645948945609
2009-01-14,1844,1870,1805,1856,6985,-0.0021505376344086446
2009-01-15,1812,1852,1801,1820,4214,-0.0193965517241379
2009-01-16,1819,1819,1762,1820,3538,0.0
2009-01-19,1827,1827,1787,1795,3762,-0.013736263736263687
2009-01-20,1819,1819,1778,1790,3076,-0.0027855153203342198
2009-01-21,1726,1789,1726,1790,4360,0.0
2009-01-22,1884,1884,1791,1849,3576,0.03296089385474854
2009-01-23,1816,1873,1816,1856,4349,0.0037858301784747805
2009-01-28,1862,1920,1841,1892,4033,0.0193965517241379
2009-01-29,1891,1966,1891,1967,6265,0.03964059196617331
2009-01-30,1913,2063,1913,2064,10486,0.04931367564819533
2009-02-02,2028,2046,1999,2021,3337,-0.02083333333333337
2009-02-03,2017,2045,1999,2025,5669,0.0019792182088074206
2009-02-04,2045,2045,1981,2025,2241,0.0
2009-02-05,2028,2046,1988,2039,2548,0.006913580246913575
2009-02-06,2028,2049,1999,2039,6616,0.0
2009-02-09,2045,2171,2017,2075,13859,0.01765571358509077
2009-02-10,2107,2107,1974,2014,21293,-0.029397590361445736
2009-02-11,2031,2038,1992,2039,3776,0.012413108242303794
2009-02-12,2092,2092,2010,2046,15602,0.00343305541932315
2009-02-13,2053,2081,2031,2053,6254,0.003421309872922773
2009-02-16,2078,2078,2013,2053,5457,0.0
2009-02-17,2053,2053,1970,1975,6214,-0.03799318071115443
2009-02-18,1966,1999,1945,1946,2968,-0.01468354430379748
2009-02-19,1974,1974,1887,1960,6929,0.007194244604316502
2009-02-20,1902,1974,1866,1975,9258,0.007653061224489832
2009-02-23,1931,1974,1905,1971,2459,-0.0020253164556962577
2009-02-24,1916,1945,1916,1917,1140,-0.0273972602739726
2009-02-25,1984,1984,1916,1917,1138,0.0
2009-02-26,1956,1963,1905,1921,14809,0.0020865936358893666
2009-02-27,1934,2207,1902,2208,8836,0.14940135346173866
2009-03-02,2182,2189,1938,2046,3629,-0.07336956521739135
2009-03-03,2006,2071,1974,2010,8166,-0.017595307917888547
2009-03-04,1938,2124,1938,2039,6507,0.014427860696517358
2009-03-05,2010,2085,1977,1982,5747,-0.027954879843060332
2009-03-06,1924,2006,1920,1939,4321,-0.021695257315842542
2009-03-09,1931,2024,1905,2010,5167,0.0366168127900981
2009-03-10,1927,1988,1927,1989,5137,-0.010447761194029903
2009-03-11,2035,2035,1974,1989,4053,0.0
2009-03-12,1970,1981,1938,1957,3245,-0.016088486676722025
2009-03-13,1981,1981,1938,1939,3454,-0.009197751660705134
2009-03-16,1924,1956,1902,1924,3158,-0.0077359463641052395
2009-03-17,1934,1941,1920,1931,2984,0.0036382536382535413
2009-03-18,1952,1974,1938,1975,6378,0.02278612118073542
2009-03-19,1974,2002,1945,1957,3815,-0.009113924050632938
2009-03-20,1966,1977,1920,1953,3780,-0.0020439448134900173
2009-03-23,1952,1956,1927,1931,4312,-0.01126472094214026
2009-03-24,1941,1956,1877,1888,12522,-0.022268254790264064
2009-03-25,1888,1909,1888,1892,7596,0.0021186440677967155
2009-03-26,1895,1927,1895,1906,23367,0.007399577167019
2009-03-27,1913,1927,1888,1924,12589,0.009443861490031402
2009-03-30,1931,1938,1866,1874,14322,-0.02598752598752596
2009-03-31,1880,1895,1870,1870,11288,-0.002134471718249764
2009-04-01,1870,1877,1844,1849,12122,-0.011229946524064172
2009-04-02,1862,1884,1837,1874,10333,0.013520822065981708
2009-04-03,1870,1884,1848,1849,16337,-0.013340448239060887
2009-04-06,1848,1873,1848,1860,6525,0.005949161709031925
2009-04-07,1852,1873,1845,1860,7432,0.0
2009-04-08,1859,1898,1852,1888,11721,0.01505376344086029
2009-04-09,1902,1909,1877,1899,18668,0.005826271186440746
2009-04-10,1902,1927,1898,1928,12510,0.015271195365982093
2009-04-13,1945,2081,1927,1964,18045,0.018672199170124415
2009-04-14,1984,1988,1924,1924,7425,-0.020366598778004064
2009-04-15,1920,1920,1823,1853,21450,-0.03690228690228692
2009-04-16,1852,1877,1830,1835,6376,-0.009713977334052881
2009-04-17,1866,1870,1794,1820,12923,-0.008174386920980936
2009-04-20,1830,1830,1791,1809,4086,-0.0060439560439560225
2009-04-21,1794,1816,1782,1806,3566,-0.0016583747927031434
2009-04-22,1794,1819,1791,1795,10416,-0.006090808416389759
2009-04-23,1794,1805,1776,1795,14695,0.0
2009-04-24,1794,1801,1778,1795,6993,0.0
2009-04-27,1801,1848,1794,1831,20637,0.020055710306406738
2009-04-28,1830,1837,1785,1788,5877,-0.02348443473511741
2009-04-29,1787,1852,1774,1849,8659,0.03411633109619694
2009-04-30,1834,1905,1823,1896,14496,0.025419145484045336
2009-05-04,1920,1920,1873,1899,5711,0.0015822784810126667
2009-05-06,1902,1920,1859,1860,8539,-0.020537124802527673
2009-05-07,1866,1974,1855,1949,23329,0.0478494623655914
2009-05-08,1959,1992,1924,1939,6109,-0.005130836326321164
2009-05-11,1945,2114,1945,2075,43643,0.07013924703455388
2009-05-12,2078,2103,2017,2104,20692,0.013975903614457774
2009-05-13,2117,2132,2067,2100,15752,-0.0019011406844106071
2009-05-14,2060,2081,1995,2000,14002,-0.04761904761904767
2009-05-15,2035,2060,2002,2032,9455,0.016000000000000014
2009-05-18,2013,2013,1938,1967,6459,-0.03198818897637801
2009-05-19,1995,2038,1966,2025,16843,0.02948652770716831
2009-05-20,1967,2045,1967,2046,17740,0.010370370370370363
2009-05-21,2045,2049,2002,2010,5893,-0.017595307917888547
2009-05-22,1981,2182,1977,2154,37259,0.07164179104477619
2009-05-25,2153,2297,2099,2280,28940,0.058495821727019504
2009-05-26,2308,2326,2160,2190,25300,-0.03947368421052633
2009-05-27,2243,2243,2060,2089,15106,-0.04611872146118723
2009-05-28,2085,2146,2010,2147,17506,0.02776448061273329
2009-05-29,2135,2185,2085,2154,5892,0.003260363297624691
2009-06-01,2114,2225,2106,2107,5299,-0.02181987000928509
2009-06-02,2146,2150,2096,2118,8656,0.0052206929283340475
2009-06-03,2121,2189,2096,2165,11996,0.02219074598678006
2009-06-04,2146,2160,2085,2100,8455,-0.03002309468822173
2009-06-05,2103,2142,1956,2014,21851,-0.04095238095238096
2009-06-08,2028,2081,1963,1971,9084,-0.021350546176762686
2009-06-09,1970,2002,1952,1953,8420,-0.0091324200913242
2009-06-10,1956,2006,1949,2000,16061,0.02406554019457241
2009-06-11,2010,2078,1974,2000,26375,0.0
2009-06-12,2031,2031,1956,2010,8796,0.004999999999999893
2009-06-15,2028,2028,1963,1964,3268,-0.022885572139303534
2009-06-16,1938,1970,1909,1913,3409,-0.02596741344195519
2009-06-17,1909,1924,1891,1924,6822,0.005750130684788246
2009-06-18,1909,1927,1895,1896,5738,-0.014553014553014498
2009-06-19,1913,1913,1870,1899,2710,0.0015822784810126667
2009-06-22,1891,1909,1870,1881,3915,-0.009478672985781977
2009-06-23,1859,1859,1805,1827,14026,-0.028708133971291905
2009-06-24,1830,1862,1801,1820,8702,-0.003831417624521105
2009-06-25,1834,1898,1819,1899,8019,0.043406593406593474
2009-06-26,1898,1916,1866,1917,3901,0.009478672985782088
2009-06-29,1923,1923,1880,1921,6708,0.0020865936358893666
2009-06-30,1934,1934,1902,1931,4156,0.005205622071837501
2009-07-01,1923,1927,1848,1856,11096,-0.03883997928534433
2009-07-02,1855,1862,1841,1849,5169,-0.0037715517241379004
2009-07-03,1834,1920,1827,1903,5706,0.02920497566252034
2009-07-06,1902,1902,1848,1849,7475,-0.028376248029427176
2009-07-07,1866,1866,1834,1856,12554,0.0037858301784747805
2009-07-08,1852,1862,1827,1835,6475,-0.011314655172413812
2009-07-09,1845,1877,1830,1835,9500,0.0
2009-07-10,1830,1841,1782,1795,19144,-0.021798365122615793
2009-07-13,1794,1801,1765,1775,7720,-0.011142061281337101
2009-07-14,1794,1794,1774,1777,4514,0.0011267605633802358
2009-07-15,1776,1783,1767,1774,10452,-0.0016882386043893804
2009-07-16,1778,1791,1749,1765,8392,-0.005073280721533235
2009-07-17,1769,1773,1699,1705,23072,-0.03399433427762044
2009-07-20,1764,1787,1748,1779,25491,0.04340175953079184
2009-07-21,1794,1809,1742,1775,28885,-0.0022484541877458852
2009-07-22,1774,1812,1757,1802,41349,0.015211267605633738
2009-07-23,1805,1877,1801,1878,29956,0.04217536071032191
2009-07-24,1880,1898,1819,1892,18428,0.007454739084131967
2009-07-27,1891,1913,1848,1906,15749,0.007399577167019
2009-07-28,1884,1924,1852,1910,21191,0.0020986358866736943
2009-07-29,1905,1913,1877,1881,9101,-0.015183246073298462
2009-07-30,1884,1884,1841,1874,4934,-0.0037214247740563478
2009-07-31,1852,1866,1837,1856,8118,-0.009605122732123772
2009-08-03,1852,1855,1834,1856,4581,0.0
2009-08-04,1852,1895,1848,1860,12042,0.0021551724137931494
2009-08-05,1866,1873,1794,1795,17018,-0.034946236559139754
2009-08-06,1776,1798,1755,1775,14505,-0.011142061281337101
2009-08-07,1771,1791,1760,1786,10648,0.00619718309859163
2009-08-10,1798,1844,1787,1831,12246,0.02519596864501672
2009-08-11,1859,1891,1841,1881,22212,0.02730748225013646
2009-08-12,1888,1913,1866,1906,12956,0.013290802764486909
2009-08-13,1920,1920,1870,1870,11114,-0.018887722980062915
2009-08-14,1884,1913,1873,1874,10294,0.002139037433155133
2009-08-17,1891,1891,1791,1824,13582,-0.026680896478121663
2009-08-18,1819,1819,1757,1813,18516,-0.006030701754385914
2009-08-19,1801,1809,1766,1788,11746,-0.013789299503585206
2009-08-20,1782,1794,1762,1781,8110,-0.0039149888143176215
2009-08-21,1780,1783,1757,1777,15866,-0.002245929253228529
2009-08-24,1776,1816,1762,1782,6122,0.002813731007315745
2009-08-25,1769,1783,1762,1781,7967,-0.0005611672278339475
2009-08-26,1774,1794,1767,1782,2429,0.0005614823133071045
2009-08-27,1785,1793,1769,1781,5128,-0.0005611672278339475
2009-08-28,1780,1787,1764,1781,4081,0.0
2009-08-31,1780,1793,1755,1770,5198,-0.006176305446378483
2009-09-01,1762,1769,1746,1770,4234,0.0
2009-09-02,1757,1764,1735,1739,12098,-0.017514124293785294
2009-09-03,1748,1751,1733,1752,6440,0.0074755606670500185
2009-09-04,1740,1765,1740,1766,3700,0.007990867579908745
2009-09-07,1758,1769,1748,1759,2550,-0.003963759909399789
2009-09-08,1758,1765,1739,1752,6675,-0.003979533826037551
2009-09-09,1760,1760,1730,1750,4786,-0.0011415525114155667
2009-09-10,1749,1760,1744,1752,6953,0.0011428571428571122
2009-09-11,1773,1773,1740,1741,6025,-0.006278538812785395
2009-09-14,1755,1776,1740,1775,8420,0.019529006318207864
2009-09-15,1773,1773,1740,1756,7023,-0.010704225352112684
2009-09-16,1760,1769,1740,1741,14432,-0.008542141230068356
2009-09-17,1744,1764,1724,1727,17341,-0.008041355542791506
2009-09-18,1737,1744,1726,1727,13441,0.0
2009-09-21,1740,1769,1726,1766,8944,0.022582513028372997
2009-09-22,1776,1794,1751,1757,8074,-0.005096262740656887
2009-09-23,1757,1767,1742,1763,6791,0.0034149117814457064
2009-09-24,1762,1827,1758,1777,18198,0.00794100964265465
2009-09-25,1778,1812,1778,1786,10292,0.005064715813168252
2009-09-28,1785,1805,1773,1795,11910,0.0050391937290032995
2009-09-29,1794,1841,1794,1838,11265,0.02395543175487469
2009-09-30,1837,1862,1809,1860,21443,0.01196953210010876
2009-10-01,1841,1902,1834,1892,27713,0.017204301075268713
2009-10-05,1873,1902,1855,1870,11994,-0.011627906976744207
2009-10-06,1873,1880,1823,1853,11800,-0.009090909090909038
2009-10-07,1837,1852,1805,1824,14526,-0.015650296815974074
2009-10-08,1852,1855,1816,1835,10616,0.006030701754385914
2009-10-09,1837,1844,1819,1838,9058,0.0016348773841960984
2009-10-12,1845,1866,1830,1860,12401,0.01196953210010876
2009-10-13,1852,1862,1837,1845,5771,-0.008064516129032251
2009-10-14,1837,1848,1819,1820,5851,-0.013550135501354976
2009-10-15,1812,1819,1794,1799,6973,-0.011538461538461497
2009-10-16,1798,1830,1798,1831,23515,0.01778765981100605
2009-10-19,1823,1852,1823,1842,5154,0.006007646095030017
2009-10-20,1852,1852,1830,1849,4318,0.003800217155266017
2009-10-21,1834,1855,1834,1845,3415,-0.0021633315305570333
2009-10-22,1834,1848,1816,1824,4862,-0.011382113821138184
2009-10-23,1819,1837,1809,1809,5795,-0.008223684210526327
2009-10-26,1805,1827,1783,1788,10952,-0.011608623548922004
2009-10-27,1787,1787,1756,1759,6462,-0.016219239373601813
2009-10-28,1756,1756,1717,1736,13122,-0.013075611142694732
2009-10-29,1713,1739,1690,1720,9753,-0.009216589861751112
2009-10-30,1708,1733,1706,1718,5720,-0.0011627906976744429
2009-11-02,1690,1721,1690,1722,2390,0.002328288707799775
2009-11-03,1710,1715,1694,1702,3561,-0.011614401858304313
2009-11-04,1692,1701,1681,1689,4653,-0.00763807285546414
2009-11-05,1678,1687,1651,1651,7005,-0.022498519834221464
2009-11-06,1661,1674,1658,1668,687,0.010296789824348895
2009-11-09,1654,1688,1654,1686,2081,0.010791366906474753
2009-11-10,1679,1710,1679,1707,4008,0.01245551601423478
2009-11-11,1697,1706,1667,1680,5840,-0.01581722319859402
2009-11-12,1672,1685,1663,1664,2726,-0.00952380952380949
2009-11-13,1674,1674,1652,1669,2030,0.0030048076923077094
2009-11-16,1660,1672,1656,1673,2267,0.002396644697423511
2009-11-17,1660,1667,1633,1634,4351,-0.023311416616855984
2009-11-18,1633,1642,1618,1632,4866,-0.001223990208078285
2009-11-19,1631,1640,1613,1616,6866,-0.009803921568627416
2009-11-20,1615,1658,1597,1659,10570,0.026608910891089188
2009-11-23,1651,1701,1640,1698,11680,0.02350813743218816
2009-11-24,1681,1710,1672,1703,12382,0.002944640753828054
2009-11-25,1715,1758,1703,1757,17097,0.03170874926600109
2009-11-26,1756,1787,1735,1784,14380,0.015367103016505457
2009-11-27,1778,1837,1697,1838,25406,0.030269058295964157
2009-11-30,1805,1812,1778,1809,12346,-0.01577801958650704
2009-12-01,1830,1830,1765,1774,9102,-0.019347705914870117
2009-12-02,1773,1782,1704,1774,17407,0.0
2009-12-03,1748,1771,1740,1765,8291,-0.005073280721533235
2009-12-04,1767,1789,1753,1790,5859,0.014164305949008416
2009-12-07,1760,1794,1758,1782,7087,-0.004469273743016755
2009-12-08,1791,1791,1758,1759,13657,-0.01290684624017957
2009-12-09,1758,1778,1721,1738,18878,-0.011938601478112543
2009-12-10,1726,1742,1715,1716,5761,-0.012658227848101222
2009-12-11,1737,1755,1722,1756,3901,0.02331002331002341
2009-12-14,1742,1780,1737,1770,4627,0.007972665148063829
2009-12-15,1769,1769,1753,1754,4754,-0.009039548022598876
2009-12-16,1767,1773,1749,1774,4773,0.011402508551881407
2009-12-17,1762,1789,1762,1790,4720,0.00901916572717032
2009-12-18,1789,1794,1771,1786,3296,-0.0022346368715083775
2009-12-21,1767,1785,1767,1772,3382,-0.007838745800671898
2009-12-22,1748,1783,1748,1784,4745,0.006772009029345272
2009-12-23,1769,1783,1758,1774,2590,-0.005605381165919243
2009-12-24,1766,1827,1764,1827,9400,0.029875986471251448
2009-12-28,1798,1841,1794,1842,8927,0.008210180623973828
2009-12-29,1827,1837,1794,1838,6996,-0.0021715526601520097
2009-12-30,1805,1830,1783,1831,7388,-0.003808487486398282
2010-01-04,1837,1837,1801,1806,2062,-0.01365374112506823
2010-01-05,1809,1819,1792,1799,4704,-0.003875968992248069
2010-01-06,1794,1805,1782,1786,5199,-0.007226236798221208
2010-01-07,1812,1812,1767,1788,4013,0.0011198208286673506
2010-01-08,1780,1794,1760,1786,3720,-0.0011185682326622093
2010-01-11,1766,1780,1762,1777,8230,-0.0050391937290034106
2010-01-12,1765,1774,1756,1774,8262,-0.0016882386043893804
2010-01-13,1760,1776,1730,1754,7529,-0.011273957158962844
2010-01-14,1735,1755,1705,1747,16344,-0.003990877993158448
2010-01-15,1726,1776,1722,1774,10291,0.015455065827132186
2010-01-18,1780,1780,1739,1772,5462,-0.0011273957158962622
2010-01-19,1771,1771,1737,1765,6761,-0.003950338600451464
2010-01-20,1764,1764,1728,1729,7292,-0.02039660056657222
2010-01-21,1710,1740,1685,1703,12115,-0.015037593984962405
2010-01-22,1701,1701,1660,1686,8253,-0.00998238402818552
2010-01-25,1699,1699,1663,1684,2422,-0.0011862396204033177
2010-01-26,1683,1722,1651,1723,7331,0.02315914489311166
2010-01-27,1694,1794,1679,1795,18900,0.04178757980266967
2010-01-28,1794,1794,1717,1772,14537,-0.012813370473537589
2010-01-29,1728,1776,1719,1777,22740,0.0028216704288939187
2010-02-01,1724,1769,1669,1687,30705,-0.050647158131682635
2010-02-02,1672,1686,1651,1677,15382,-0.005927682276229973
2010-02-03,1681,1722,1656,1660,24258,-0.010137149672033385
2010-02-04,1661,1669,1595,1632,37846,-0.016867469879518038
2010-02-05,1597,1629,1586,1630,9607,-0.001225490196078427
2010-02-08,1606,1629,1563,1565,26755,-0.039877300613496924
2010-02-09,1556,1651,1545,1546,14968,-0.012140575079872207
2010-02-10,1548,1550,1525,1540,15326,-0.0038809831824062613
2010-02-11,1529,1583,1529,1583,22304,0.027922077922077904
2010-02-12,1564,1564,1527,1544,15993,-0.024636765634870494
2010-02-16,1543,1557,1527,1558,18967,0.0090673575129534
2010-02-17,1568,1568,1557,1565,8919,0.00449293966623876
2010-02-18,1570,1583,1564,1571,3072,0.00383386581469658
2010-02-19,1570,1570,1548,1553,3871,-0.01145767027371103
2010-02-22,1577,1599,1561,1599,25831,0.02962009014810052
2010-02-23,1563,1606,1563,1607,13322,0.00500312695434646
2010-02-24,1608,1622,1600,1605,12111,-0.001244555071561959
2010-02-25,1599,1633,1582,1632,8311,0.016822429906542036
2010-02-26,1631,1719,1615,1702,15610,0.04289215686274517
2010-03-02,1712,1712,1649,1675,18520,-0.015863689776733247
2010-03-03,1674,1674,1652,1673,6956,-0.0011940298507462366
2010-03-04,1667,1670,1647,1671,8780,-0.001195457262402888
2010-03-05,1660,1681,1660,1682,3340,0.006582884500299313
2010-03-08,1683,1683,1651,1668,17553,-0.008323424494649179
2010-03-09,1665,1665,1634,1655,12042,-0.007793764988009544
2010-03-10,1651,1665,1640,1660,15056,0.0030211480362538623
2010-03-11,1663,1688,1652,1689,6960,0.01746987951807233
2010-03-12,1672,1726,1672,1727,6688,0.022498519834221353
2010-03-15,1737,1755,1726,1741,29510,0.00810654313839021
2010-03-16,1724,1733,1701,1730,6760,-0.00631820792647908
2010-03-17,1735,1758,1712,1759,16215,0.01676300578034673
2010-03-18,1758,1776,1749,1777,12903,0.010233086981239259
2010-03-19,1781,1849,1776,1841,11578,0.036015756893641004
2010-03-22,1840,1849,1812,1847,6891,0.0032590983161324694
2010-03-23,1842,1846,1808,1845,16000,-0.0010828370330265846
2010-03-24,1844,1844,1821,1843,5731,-0.0010840108401084514
2010-03-25,1846,1846,1800,1841,19790,-0.0010851871947911151
2010-03-26,1840,1849,1810,1849,14812,0.004345464421509959
2010-03-29,1827,1853,1817,1854,11180,0.0027041644131964304
2010-03-30,1836,1868,1836,1868,11640,0.007551240560949246
2010-03-31,1880,1934,1857,1934,25752,0.03533190578158463
2010-04-01,1912,1955,1891,1949,8830,0.007755946225439514
2010-04-02,1949,1949,1900,1947,6351,-0.0010261672652642773
2010-04-05,1946,1946,1891,1922,6001,-0.012840267077555256
2010-04-06,1902,1908,1880,1883,5473,-0.020291363163371434
2010-04-07,1883,1889,1846,1847,8722,-0.019118428040361124
2010-04-08,1846,1887,1827,1866,10270,0.010286951813752054
2010-04-09,1866,1866,1789,1866,16246,0.0
2010-04-12,1866,1866,1827,1858,10018,-0.004287245444801746
2010-04-13,1832,1857,1832,1856,5930,-0.0010764262648008671
2010-04-14,1855,1887,1849,1888,8815,0.01724137931034475
2010-04-15,1891,1904,1863,1900,4184,0.006355932203389925
2010-04-16,1883,1900,1874,1892,6404,-0.004210526315789442
2010-04-19,1887,1887,1846,1847,6209,-0.02378435517970401
2010-04-20,1844,1853,1819,1830,10169,-0.00920411478072547
2010-04-21,1825,1834,1798,1817,18583,-0.0071038251366120075
2010-04-22,1819,1819,1795,1800,6026,-0.00935608145294442
2010-04-23,1802,1810,1774,1807,11475,0.0038888888888888307
2010-04-26,1808,1827,1778,1826,12444,0.010514665190924255
2010-04-27,1795,1819,1776,1800,34424,-0.014238773274917849
2010-04-28,1778,1789,1738,1739,27885,-0.03388888888888886
2010-04-29,1744,1800,1730,1781,14893,0.024151811385853872
2010-04-30,1768,1798,1759,1798,19720,0.009545199326221221
2010-05-03,1804,1804,1740,1741,24160,-0.03170189098998888
2010-05-04,1742,1770,1713,1730,21412,-0.00631820792647908
2010-05-06,1704,1781,1691,1724,14137,-0.003468208092485603
2010-05-07,1659,1721,1657,1720,13720,-0.002320185614849146
2010-05-10,1702,1738,1691,1713,9369,-0.0040697674418604946
2010-05-11,1717,1736,1666,1688,22038,-0.014594279042615343
2010-05-12,1683,1696,1666,1675,10887,-0.007701421800947905
2010-05-13,1670,1700,1670,1677,9115,0.0011940298507462366
2010-05-14,1666,1749,1666,1749,11207,0.0429338103756709
2010-05-17,1734,1736,1689,1737,9561,-0.006861063464837058
2010-05-18,1710,1744,1710,1739,9270,0.0011514104778354017
2010-05-19,1710,1764,1708,1743,6921,0.0023001725129385697
2010-05-20,1742,1749,1672,1718,18731,-0.014343086632243263
2010-05-24,1715,1764,1700,1732,11993,0.008149010477299212
2010-05-25,1700,1710,1662,1679,12093,-0.03060046189376442
2010-05-26,1681,1713,1657,1675,7202,-0.002382370458606342
2010-05-27,1662,1715,1638,1662,13370,-0.00776119402985076
2010-05-28,1693,1785,1668,1786,20372,0.07460890493381478
2010-05-31,1781,1827,1734,1828,13240,0.023516237402015694
2010-06-01,1781,1783,1725,1756,27673,-0.03938730853391681
2010-06-03,1755,1757,1655,1692,129162,-0.036446469248291535
2010-06-04,1691,1700,1674,1696,14922,0.0023640661938533203
2010-06-07,1653,1700,1645,1701,12867,0.002948113207547065
2010-06-08,1657,1721,1657,1720,14440,0.01116990005878904
2010-06-09,1719,1719,1691,1707,4773,-0.007558139534883712
2010-06-10,1683,1719,1683,1690,9128,-0.00995899238429998
2010-06-11,1691,1742,1691,1743,11396,0.031360946745562224
2010-06-14,1742,1781,1730,1781,16570,0.021801491681009644
2010-06-15,1785,1798,1740,1798,19168,0.009545199326221221
2010-06-16,1798,1800,1770,1775,3441,-0.012791991101223532
2010-06-17,1789,1789,1747,1781,5860,0.0033802816901409294
2010-06-18,1761,1783,1755,1781,2350,0.0
2010-06-21,1789,1793,1759,1769,6817,-0.006737787759685587
2010-06-22,1766,1785,1717,1762,18945,-0.003957037874505409
2010-06-23,1759,1802,1740,1803,9720,0.02326901248581148
2010-06-24,1806,1819,1776,1820,6455,0.00942872989462007
2010-06-25,1815,1823,1781,1820,9357,0.0
2010-06-28,1819,1825,1793,1822,3886,0.001098901098901095
2010-06-29,1821,1827,1802,1828,10166,0.003293084522502765
2010-06-30,1823,1872,1785,1873,20330,0.024617067833698103
2010-07-01,1838,1851,1823,1824,4580,-0.026161238654564878
2010-07-02,1804,1829,1802,1815,1391,-0.004934210526315819
2010-07-05,1795,1808,1795,1803,1106,-0.006611570247933907
2010-07-06,1795,1829,1764,1828,2155,0.01386577925679422
2010-07-07,1791,1808,1681,1698,89656,-0.07111597374179435
2010-07-08,1696,1717,1657,1667,39058,-0.018256772673733823
2010-07-09,1668,1676,1651,1664,14343,-0.001799640071985631
2010-07-12,1664,1679,1657,1662,17913,-0.0012019230769231282
2010-07-13,1662,1679,1653,1656,28724,-0.0036101083032491488
2010-07-14,1659,1668,1636,1660,24586,0.0024154589371980784
2010-07-15,1655,1657,1638,1639,17364,-0.012650602409638556
2010-07-16,1638,1638,1611,1618,21227,-0.01281269066503965
2010-07-19,1613,1615,1606,1613,15099,-0.0030902348578492056
2010-07-20,1619,1630,1610,1628,8445,0.00929944203347799
2010-07-21,1628,1628,1606,1616,16650,-0.0073710073710073765
2010-07-22,1613,1613,1587,1611,12188,-0.0030940594059405413
2010-07-23,1623,1623,1600,1616,9486,0.0031036623215394687
2010-07-26,1615,1636,1615,1630,10561,0.00866336633663356
2010-07-27,1630,1634,1600,1613,14291,-0.010429447852760787
2010-07-28,1613,1613,1589,1590,13795,-0.014259144451332917
2010-07-29,1589,1602,1587,1590,5623,0.0
2010-07-30,1587,1623,1587,1607,6383,0.010691823899371178
2010-08-02,1613,1628,1613,1622,5178,0.009334163036714305
2010-08-03,1630,1630,1596,1605,9972,-0.010480887792848281
2010-08-04,1596,1608,1587,1594,8545,-0.006853582554517179
2010-08-05,1581,1596,1579,1579,12670,-0.00941028858218318
2010-08-06,1581,1608,1579,1605,5149,0.01646611779607343
2010-08-09,1613,1613,1589,1599,4164,-0.0037383177570093906
2010-08-10,1589,1611,1589,1599,7966,0.0
2010-08-11,1602,1606,1572,1579,10718,-0.012507817385866149
2010-08-12,1579,1581,1570,1577,3608,-0.001266624445851794
2010-08-13,1566,1585,1566,1577,6906,0.0
2010-08-16,1577,1581,1564,1569,5147,-0.005072923272035457
2010-08-17,1566,1589,1564,1573,8202,0.002549394518801762
2010-08-18,1568,1589,1564,1584,6807,0.006993006993007089
2010-08-19,1583,1602,1572,1603,7806,0.011994949494949392
2010-08-20,1591,1651,1591,1647,30594,0.027448533998752245
2010-08-23,1640,1670,1621,1652,23226,0.0030358227079538835
2010-08-24,1664,1664,1642,1645,7650,-0.004237288135593209
2010-08-25,1630,1636,1602,1613,8503,-0.0194528875379939
2010-08-26,1615,1630,1608,1613,4568,0.0
2010-08-27,1613,1613,1591,1605,3430,-0.004959702417854928
2010-08-30,1598,1674,1596,1641,8451,0.02242990654205612
2010-08-31,1638,1651,1621,1633,3650,-0.0048750761730651515
2010-09-01,1653,1657,1628,1628,9132,-0.0030618493570115923
2010-09-02,1625,1655,1625,1654,5114,0.01597051597051591
2010-09-03,1659,1662,1645,1654,3101,0.0
2010-09-06,1653,1670,1649,1662,5002,0.0048367593712213
2010-09-07,1657,1657,1623,1630,3602,-0.019253910950661868
2010-09-08,1632,1642,1611,1637,3879,0.004294478527607337
2010-09-09,1611,1636,1611,1620,3500,-0.010384850335980467
2010-09-10,1617,1640,1615,1626,6272,0.0037037037037037646
2010-09-13,1625,1645,1619,1620,8356,-0.0036900369003689537
2010-09-14,1623,1634,1617,1624,5617,0.0024691358024691024
2010-09-15,1611,1642,1611,1624,8975,0.0
2010-09-16,1613,1647,1613,1645,7282,0.012931034482758674
2010-09-17,1645,1710,1642,1694,14642,0.029787234042553123
2010-09-20,1700,1700,1672,1688,6764,-0.0035419126328217754
2010-09-24,1687,1689,1672,1677,3203,-0.006516587677725116
2010-09-27,1674,1696,1670,1679,7152,0.0011926058437685683
2010-09-28,1676,1679,1645,1654,8788,-0.014889815366289416
2010-09-29,1657,1657,1638,1650,9158,-0.00241837968561065
2010-09-30,1653,1683,1647,1684,5972,0.020606060606060517
2010-10-01,1685,1691,1657,1660,7790,-0.014251781472684133
2010-10-04,1662,1670,1659,1664,3169,0.002409638554216942
2010-10-05,1657,1670,1642,1660,7840,-0.0024038461538461453
2010-10-06,1659,1676,1642,1660,17840,0.0
2010-10-07,1647,1653,1636,1641,11003,-0.011445783132530085
2010-10-08,1642,1672,1634,1671,10760,0.018281535648994485
2010-10-11,1670,1685,1664,1675,4707,0.002393776181927043
2010-10-12,1657,1681,1657,1667,7394,-0.004776119402985057
2010-10-13,1666,1689,1666,1684,8110,0.010197960407918316
2010-10-14,1696,1727,1674,1722,17651,0.0225653206650831
2010-10-15,1689,1761,1689,1762,23689,0.023228803716608626
2010-10-18,1781,1812,1764,1790,25102,0.015891032917139558
2010-10-19,1785,1806,1770,1783,7749,-0.003910614525139633
2010-10-20,1778,2036,1736,1973,150299,0.10656197420078528
2010-10-21,1978,2223,1978,2168,144913,0.0988342625443488
2010-10-22,2159,2206,2044,2189,53897,0.009686346863468698
2010-10-25,2189,2189,2108,2134,30409,-0.025125628140703515
2010-10-26,2125,2295,2095,2270,51458,0.06373008434864103
2010-10-27,2291,2418,2210,2338,30375,0.0299559471365638
2010-10-28,2291,2414,2291,2381,34073,0.01839178785286566
2010-10-29,2405,2414,2286,2347,19486,-0.014279714405711852
2010-11-01,2354,2359,2278,2313,14543,-0.014486578610992784
2010-11-02,2299,2376,2257,2325,19784,0.005188067444876765
2010-11-03,2325,2359,2274,2274,9799,-0.021935483870967776
2010-11-04,2265,2269,2150,2189,35709,-0.037379067722075665
2010-11-05,2167,2223,2129,2211,16261,0.01005025125628145
2010-11-08,2201,2201,2118,2143,18942,-0.03075531433740386
2010-11-09,2154,2235,2125,2198,18090,0.025664955669622014
2010-11-10,2201,2337,2176,2274,25522,0.034576888080072754
2010-11-11,2286,2376,2252,2253,25878,-0.00923482849604218
2010-11-12,2308,2354,2193,2287,19335,0.015090989791389342
2010-11-15,2316,2337,2235,2296,11050,0.003935286401399285
2010-11-16,2286,2286,2125,2249,14094,-0.020470383275261295
2010-11-17,2189,2337,2189,2325,16828,0.03379279679857716
2010-11-18,2295,2414,2274,2415,19203,0.03870967741935494
2010-11-19,2422,2499,2388,2436,22274,0.008695652173912993
2010-11-22,2465,2465,2384,2436,10130,0.0
2010-11-23,2435,2499,2422,2487,12972,0.020935960591133007
2010-11-24,2401,2588,2393,2568,48829,0.03256936067551264
2010-11-25,2567,2656,2529,2576,16011,0.0031152647975076775
2010-11-26,2546,2580,2507,2551,13633,-0.009704968944099335
2010-11-29,2507,2580,2448,2534,16264,-0.006664053312426477
2010-11-30,2516,2571,2490,2542,22739,0.0031570639305444903
2010-12-01,2542,2546,2482,2547,7574,0.0019669551534224894
2010-12-02,2593,2622,2529,2585,15387,0.014919513152728658
2010-12-03,2610,2610,2516,2530,9707,-0.021276595744680882
2010-12-06,2525,2550,2473,2512,6261,-0.007114624505928813
2010-12-07,2473,2507,2465,2508,8865,-0.0015923566878981443
2010-12-08,2486,2529,2418,2508,21186,0.0
2010-12-09,2520,2571,2486,2534,25973,0.010366826156299913
2010-12-10,2542,2550,2490,2534,6163,0.0
2010-12-13,2550,2678,2542,2581,17583,0.018547750591949574
2010-12-14,2593,2631,2550,2576,9375,-0.0019372336303757898
2010-12-15,2576,2576,2486,2538,20143,-0.014751552795031042
2010-12-16,2542,2567,2486,2508,24113,-0.011820330969267157
2010-12-17,2542,2593,2533,2572,25971,0.02551834130781505
2010-12-20,2593,2673,2542,2623,16567,0.01982892690513216
2010-12-21,2639,2712,2639,2674,21349,0.01944338543652302
2010-12-22,2673,2690,2614,2657,12500,-0.006357516828720988
2010-12-23,2712,2712,2567,2632,13939,-0.00940910801656003
2010-12-24,2605,2652,2584,2649,7950,0.006458966565349611
2010-12-27,2644,2648,2584,2598,11638,-0.01925254813137034
2010-12-28,2597,2631,2533,2534,29852,-0.024634334103156297
2010-12-29,2465,2525,2439,2525,11906,-0.003551696921862635
2010-12-30,2507,2576,2478,2576,10218,0.020198019801980216
2011-01-03,2576,2597,2444,2470,27344,-0.041149068322981375
2011-01-04,2444,2520,2439,2466,17018,-0.0016194331983805377
2011-01-05,2461,2486,2431,2444,7510,-0.008921330089213253
2011-01-06,2435,2486,2269,2338,55149,-0.04337152209492634
2011-01-07,2337,2354,2269,2308,28464,-0.01283147989734812
2011-01-10,2308,2350,2269,2325,6898,0.007365684575389997
2011-01-11,2325,2342,2189,2189,47247,-0.05849462365591396
2011-01-12,2197,2231,2146,2211,24910,0.01005025125628145
2011-01-13,2223,2295,2206,2206,31810,-0.0022614201718679228
2011-01-14,2206,2278,2150,2274,14335,0.030825022665457835
2011-01-17,2274,2274,2210,2249,10986,-0.010993843447669294
2011-01-18,2248,2248,2146,2189,10902,-0.02667852378835034
2011-01-19,2188,2188,2137,2143,12756,-0.021014161717679336
2011-01-20,2129,2133,2068,2104,13480,-0.018198786747550155
2011-01-21,2116,2119,2063,2094,8580,-0.004752851711026573
2011-01-24,2074,2093,2042,2077,10476,-0.008118433619866305
2011-01-25,2076,2189,2048,2189,23291,0.05392392874337992
2011-01-26,2184,2189,2138,2177,11715,-0.005481955230698943
2011-01-27,2167,2180,2102,2121,15283,-0.025723472668810254
2011-01-28,2108,2108,2040,2070,15229,-0.0240452616690241
2011-01-31,2065,2065,2019,2041,5747,-0.01400966183574881
2011-02-01,2040,2061,1989,2019,9578,-0.010779029887310165
2011-02-07,2019,2053,1980,2039,7923,0.00990589400693409
2011-02-08,2010,2053,1976,2019,11516,-0.009808729769494873
2011-02-09,2004,2019,1968,2019,6881,0.0
2011-02-10,2033,2089,2025,2079,21447,0.029717682020802272
2011-02-11,2044,2082,1980,2024,14662,-0.02645502645502651
2011-02-14,2038,2046,1936,1937,23127,-0.04298418972332019
2011-02-15,1900,1912,1742,1743,56825,-0.10015487867836859
2011-02-16,1766,1808,1744,1760,17135,0.009753298909925379
2011-02-17,1770,1770,1713,1726,10610,-0.01931818181818179
2011-02-18,1725,1778,1723,1764,8884,0.022016222479721792
2011-02-21,1781,1876,1749,1866,28168,0.05782312925170063
2011-02-22,1829,1880,1821,1862,15421,-0.002143622722400873
2011-02-23,1829,1891,1829,1862,15464,0.0
2011-02-24,1823,1891,1823,1843,4081,-0.010204081632653073
2011-02-25,1844,1876,1778,1786,8666,-0.030927835051546393
2011-02-28,1764,1798,1727,1779,3749,-0.003919372900335949
2011-03-02,1734,1861,1734,1820,5783,0.023046655424395768
2011-03-03,1787,1800,1753,1777,8673,-0.023626373626373653
2011-03-04,1776,1785,1755,1773,9802,-0.0022509848058525073
2011-03-07,1772,1772,1751,1773,8396,0.0
2011-03-08,1772,1772,1742,1752,9958,-0.011844331641285955
2011-03-09,1742,1751,1687,1696,30718,-0.03196347031963476
2011-03-10,1687,1696,1662,1669,15119,-0.015919811320754707
2011-03-11,1651,1725,1636,1726,25799,0.034152186938286366
2011-03-14,1725,1736,1657,1701,11360,-0.014484356894553851
2011-03-15,1721,1721,1615,1692,15067,-0.005291005291005346
2011-03-16,1668,1759,1668,1758,14543,0.03900709219858145
2011-03-17,1757,1817,1730,1777,11625,0.010807736063708662
2011-03-18,1785,1812,1772,1805,7066,0.015756893640967995
2011-03-21,1812,1812,1768,1775,13171,-0.0166204986149584
2011-03-22,1781,1781,1747,1760,12238,-0.008450704225352101
2011-03-23,1764,1783,1744,1775,8511,0.008522727272727293
2011-03-24,1755,1785,1751,1786,9305,0.00619718309859163
2011-03-25,1785,1802,1764,1792,11146,0.0033594624860022737
2011-03-28,1791,1791,1770,1781,16612,-0.006138392857142905
2011-03-29,1781,1806,1757,1805,10055,0.013475575519371175
2011-03-30,1804,1866,1787,1849,16295,0.02437673130193896
2011-03-31,1863,1870,1849,1854,8881,0.0027041644131964304
2011-04-01,1849,1887,1827,1871,12292,0.009169363538295672
2011-04-04,1891,1985,1870,1985,30465,0.060929983965793744
2011-04-05,2012,2034,1940,1943,19985,-0.021158690176322437
2011-04-06,1946,1946,1891,1894,16101,-0.02521873391662377
2011-04-07,1878,1887,1846,1866,16141,-0.014783526927138357
2011-04-08,1866,1866,1840,1849,10125,-0.009110396570203627
2011-04-11,1840,1855,1795,1811,20063,-0.020551649540292094
2011-04-12,1810,1823,1781,1781,12080,-0.01656543346217554
2011-04-13,1783,1859,1764,1851,11871,0.03930376193149909
2011-04-14,1851,1855,1793,1820,15599,-0.016747703943814196
2011-04-15,1819,1880,1819,1871,33694,0.028021978021977922
2011-04-18,0,0,0,1871,0,0.0
2011-04-19,0,0,0,1871,0,0.0
2011-04-20,0,0,0,1871,0,0.0
2011-04-21,0,0,0,1871,0,0.0
2011-04-22,0,0,0,1871,0,0.0
2011-04-25,0,0,0,1871,0,0.0
2011-04-26,0,0,0,1871,0,0.0
2011-04-27,0,0,0,1871,0,0.0
2011-04-28,0,0,0,1871,0,0.0
2011-04-29,0,0,0,1871,0,0.0
2011-05-02,0,0,0,1871,0,0.0
2011-05-03,0,0,0,1871,0,0.0
2011-05-04,1989,2036,1921,1990,191832,0.06360235168359174
2011-05-06,2031,2031,1929,1951,52840,-0.019597989949748706
2011-05-09,1955,1955,1878,1888,50994,-0.03229113275243467
2011-05-11,1887,1917,1836,1845,53926,-0.022775423728813582
2011-05-12,1840,1857,1734,1756,81499,-0.048238482384823866
2011-05-13,1755,1827,1704,1764,67485,0.004555808656036442
2011-05-16,1776,1827,1730,1815,60214,0.028911564625850428
2011-05-17,1815,1823,1717,1739,83266,-0.04187327823691456
2011-05-18,1730,1747,1713,1735,58145,-0.0023001725129384587
2011-05-19,1742,1776,1687,1718,58447,-0.009798270893371708
2011-05-20,1713,1734,1657,1658,49557,-0.03492433061699651
2011-05-23,1657,1662,1623,1637,28712,-0.01266586248492163
2011-05-24,1649,1649,1615,1641,30652,0.0024434941967013124
2011-05-25,1628,1649,1576,1577,48504,-0.039000609384521656
2011-05-26,1606,1764,1606,1756,102353,0.11350665821179451
2011-05-27,1751,1781,1700,1756,45721,0.0
2011-05-30,1764,1849,1734,1849,71631,0.05296127562642372
2011-05-31,1849,1912,1819,1879,59363,0.016224986479177916
2011-06-01,1895,1908,1866,1883,31333,0.002128791910590788
2011-06-02,1815,1895,1815,1879,21523,-0.0021242697822623224
2011-06-03,1904,1972,1887,1964,34256,0.04523682810005325
2011-06-07,1963,1980,1895,1956,28935,-0.004073319755600768
2011-06-08,1934,1980,1908,1947,19132,-0.004601226993865004
2011-06-09,1912,1951,1887,1917,32442,-0.015408320493066285
2011-06-10,1955,2002,1853,1871,44859,-0.02399582681272827
2011-06-13,1840,1895,1827,1862,27050,-0.0048102618920363716
2011-06-14,1861,1951,1815,1951,26310,0.04779806659505903
2011-06-15,1951,1951,1827,1917,26060,-0.01742696053305992
2011-06-16,1870,1904,1849,1858,7050,-0.03077725612936877
2011-06-17,1857,1878,1785,1858,27690,0.0
2011-06-20,1844,1853,1789,1803,8922,-0.029601722282023735
2011-06-21,1823,1823,1768,1803,8654,0.0
2011-06-22,1815,1815,1768,1769,14024,-0.01885745978924014
2011-06-23,1768,1793,1730,1760,17743,-0.005087620124364034
2011-06-24,1764,1781,1687,1709,57516,-0.028977272727272685
2011-06-27,1713,1717,1666,1675,22170,-0.01989467524868349
2011-06-28,1674,1738,1670,1709,21952,0.020298507462686466
2011-06-29,1708,1721,1636,1658,58224,-0.029842012873025126
2011-06-30,1657,1674,1636,1654,27957,-0.0024125452352231624
2011-07-01,1653,1713,1645,1701,24407,0.02841596130592494
2011-07-04,1717,1725,1683,1705,22889,0.0023515579071133885
2011-07-05,1687,1708,1674,1705,24255,0.0
2011-07-06,1700,1734,1683,1726,24340,0.012316715542521894
2011-07-07,1725,1755,1691,1747,60090,0.012166859791425289
2011-07-08,1747,1759,1717,1743,29186,-0.0022896393817973815
2011-07-11,1742,1742,1708,1718,15019,-0.014343086632243263
2011-07-12,1713,1713,1679,1701,16237,-0.009895227008149043
2011-07-13,1683,1713,1683,1713,25204,0.007054673721340388
2011-07-14,1700,1717,1670,1713,22010,0.0
2011-07-15,1683,1725,1683,1726,32247,0.007589025102159974
2011-07-18,1713,1857,1700,1845,82706,0.06894553881807641
2011-07-19,1844,1912,1819,1862,37186,0.009214092140921393
2011-07-20,1861,1878,1827,1849,16980,-0.006981740064446851
2011-07-21,1853,1946,1853,1926,51051,0.041644131963223474
2011-07-22,1921,1993,1900,1947,57014,0.010903426791277315
2011-07-25,1946,1946,1904,1917,15591,-0.015408320493066285
2011-07-26,1904,2099,1904,2032,109537,0.05998956703182046
2011-07-27,2053,2329,2031,2330,218444,0.14665354330708658
2011-07-28,2312,2410,2252,2364,191112,0.014592274678111528
2011-07-29,2363,2401,2291,2330,66921,-0.014382402707275754
2011-08-01,2320,2473,2286,2457,83441,0.05450643776824027
2011-08-02,2418,2490,2388,2457,96048,0.0
2011-08-03,2405,2439,2269,2436,139432,-0.008547008547008517
2011-08-04,2473,2516,2371,2457,111376,0.008620689655172376
2011-08-05,2363,2473,2295,2410,57421,-0.019129019129019098
2011-08-08,2397,2422,2048,2406,83490,-0.0016597510373443924
2011-08-09,2295,2371,2065,2168,100560,-0.09891936824605152
2011-08-10,2218,2299,2142,2143,71967,-0.011531365313653175
2011-08-11,2061,2303,1997,2300,75168,0.07326178254783011
2011-08-12,2337,2456,2312,2342,65783,0.01826086956521733
2011-08-16,2410,2550,2380,2534,45045,0.08198121263877023
2011-08-17,2554,2584,2495,2525,28873,-0.003551696921862635
2011-08-18,2554,2669,2465,2606,59337,0.03207920792079211
2011-08-19,2576,2576,2397,2423,41090,-0.07022256331542598
2011-08-22,2397,2461,2312,2381,23950,-0.01733388361535282
2011-08-23,2397,2435,2316,2364,16680,-0.007139857202855926
2011-08-24,2384,2418,2303,2338,16022,-0.010998307952622688
2011-08-25,2325,2405,2231,2325,29002,-0.0055603079555175405
2011-08-26,2320,2397,2308,2389,14727,0.027526881720430163
2011-08-29,2414,2465,2354,2466,14400,0.0322310590205106
2011-08-30,2465,2593,2444,2581,27801,0.04663422546634233
2011-08-31,2593,2593,2516,2551,19961,-0.01162340178225496
2011-09-01,2520,2550,2393,2393,13355,-0.061936495491963894
2011-09-02,2363,2456,2354,2453,12856,0.025073129962390306
2011-09-05,2329,2431,2299,2355,15510,-0.03995108030982475
2011-09-06,2295,2401,2261,2355,8140,0.0
2011-09-07,2380,2380,2278,2287,11631,-0.028874734607218677
2011-09-08,2274,2320,2261,2270,6617,-0.007433318758198526
2011-09-09,2240,2359,2231,2313,20540,0.018942731277532987
2011-09-14,2269,2363,2265,2313,9321,0.0
2011-09-15,2337,2414,2308,2355,9446,0.018158236057068677
2011-09-16,2354,2405,2312,2364,12200,0.003821656050955413
2011-09-19,2333,2371,2282,2313,7880,-0.021573604060913687
2011-09-20,2312,2329,2235,2274,9542,-0.016861219195849597
2011-09-21,2235,2337,2235,2296,8450,0.009674582233949014
2011-09-22,2291,2333,2184,2185,9492,-0.0483449477351916
2011-09-23,2129,2133,2006,2117,17560,-0.03112128146453086
2011-09-26,2023,2125,1955,2058,14680,-0.02786962683042038
2011-09-27,2112,2112,1959,1960,14316,-0.04761904761904767
2011-09-28,1942,1997,1878,1913,11500,-0.023979591836734704
2011-09-29,1929,1989,1832,1990,26291,0.040250914793517945
2011-09-30,1921,1976,1921,1964,7775,-0.013065326633165841
2011-10-04,1870,1942,1772,1943,10183,-0.01069246435845217
2011-10-05,1942,1942,1785,1786,11655,-0.08080288214101905
2011-10-06,1819,1912,1785,1913,21023,0.07110862262038076
2011-10-07,1912,1963,1861,1913,7454,0.0
2011-10-10,1946,1951,1819,1828,12970,-0.04443282801881865
2011-10-11,1844,1866,1768,1786,26111,-0.022975929978118148
2011-10-12,1785,2053,1785,1947,51495,0.09014557670772683
2011-10-13,1955,1976,1891,1977,19500,0.015408320493066174
2011-10-14,1980,1997,1904,1977,10590,0.0
2011-10-17,1942,1976,1917,1930,15227,-0.023773394031360695
2011-10-18,1908,1912,1866,1883,9733,-0.024352331606217636
2011-10-19,1938,1989,1853,1973,17240,0.04779607010090281
2011-10-20,1968,1968,1840,1896,13041,-0.0390268626457172
2011-10-21,1874,1921,1840,1879,8646,-0.00896624472573837
2011-10-24,1878,1921,1861,1871,22005,-0.004257583821181465
2011-10-25,1878,1951,1844,1845,15700,-0.013896312132549493
2011-10-26,1844,1895,1840,1871,4142,0.014092140921409202
2011-10-27,1870,1980,1870,1968,14710,0.05184393372528051
2011-10-28,2010,2014,1938,1951,16843,-0.008638211382113847
2011-10-31,1976,1980,1904,1905,7160,-0.02357765248590471
2011-11-01,1866,1891,1840,1862,12844,-0.02257217847769033
2011-11-02,1819,1819,1781,1820,17987,-0.022556390977443663
2011-11-03,1819,1819,1725,1752,25715,-0.03736263736263734
2011-11-04,1755,1789,1734,1773,25050,0.011986301369863117
2011-11-07,1776,1789,1755,1786,10420,0.007332205301748385
2011-11-08,1785,1946,1781,1828,26151,0.023516237402015694
2011-11-09,1900,1900,1793,1820,7890,-0.004376367614879695
2011-11-10,1772,1802,1747,1790,8910,-0.016483516483516536
2011-11-11,1776,1827,1776,1815,5730,0.013966480446927276
2011-11-14,1827,1827,1759,1781,14210,-0.018732782369145995
2011-11-15,1798,1832,1708,1769,14338,-0.006737787759685587
2011-11-16,1785,1815,1772,1790,10370,0.011871113623516116
2011-11-17,1772,1802,1759,1781,7190,-0.005027932960893877
2011-11-18,1793,1802,1759,1786,4350,0.0028074115665357446
2011-11-21,1802,1802,1730,1769,5880,-0.009518477043673035
2011-11-22,1776,1776,1717,1718,11900,-0.028829847371396267
2011-11-23,1713,1725,1645,1696,19393,-0.012805587892898762
2011-11-24,1691,1717,1674,1713,6970,0.010023584905660465
2011-11-25,1713,1713,1679,1705,2980,-0.004670169293636839
2011-11-28,1687,1713,1666,1701,12734,-0.002346041055718451
2011-11-29,1700,1721,1683,1701,8162,0.0
2011-11-30,1704,1725,1649,1701,18880,0.0
2011-12-01,1674,1721,1674,1696,27914,-0.0029394473838918467
2011-12-02,1713,1827,1713,1828,31960,0.07783018867924518
2011-12-05,1827,1895,1785,1854,23691,0.01422319474835887
2011-12-06,1806,1874,1806,1862,13900,0.004314994606256839
2011-12-07,1832,1870,1823,1828,15740,-0.018259935553168627
2011-12-08,1832,2031,1819,1947,29612,0.0650984682713347
2011-12-09,1942,1963,1887,1926,13405,-0.01078582434514641
2011-12-12,1929,1968,1853,1930,23960,0.0020768431983384517
2011-12-13,1938,1938,1891,1930,7322,0.0
2011-12-14,1938,1976,1921,1964,16001,0.01761658031088076
2011-12-15,1963,1993,1908,1990,10301,0.01323828920570258
2011-12-16,1972,2121,1972,2066,16220,0.038190954773869246
2011-12-19,2095,2095,1827,1947,15850,-0.05759922555663122
2011-12-20,1968,2053,1925,2049,12950,0.05238828967642517
2011-12-21,2082,2138,2040,2109,15128,0.029282576866764165
2011-12-22,2091,2150,2091,2104,7778,-0.0023707918444760834
2011-12-23,2095,2150,2074,2138,12958,0.01615969581749055
2011-12-26,2133,2133,2091,2104,4555,-0.015902712815715647
2011-12-27,2074,2108,1997,2032,7052,-0.034220532319391594
2011-12-28,1993,2019,1951,1998,6580,-0.0167322834645669
2011-12-29,1963,2074,1963,2036,3599,0.019019019019018923
2012-01-02,2010,2044,1921,1947,10034,-0.04371316306483297
2012-01-03,1917,1968,1853,1871,38145,-0.03903441191576784
2012-01-04,1874,1895,1836,1888,15260,0.00908605024051301
2012-01-05,1878,1895,1844,1875,5381,-0.0068855932203389925
2012-01-06,1853,1878,1840,1858,6536,-0.009066666666666667
2012-01-09,1853,1878,1832,1879,3370,0.011302475780408994
2012-01-10,1883,1887,1836,1854,9264,-0.013304949441192093
2012-01-11,1840,1857,1785,1854,15370,0.0
2012-01-12,1857,1878,1853,1879,5252,0.013484358144552289
2012-01-13,1878,1900,1861,1892,7681,0.006918573709419951
2012-01-16,1891,1934,1857,1917,5560,0.013213530655391104
2012-01-17,1908,1921,1887,1913,5671,-0.0020865936358893666
2012-01-18,1912,1929,1883,1883,9820,-0.015682174594877196
2012-01-19,1887,1900,1832,1837,28001,-0.02442910249601704
2012-01-20,1844,1844,1755,1807,58831,-0.016330974414806798
2012-01-25,1789,1806,1759,1798,18150,-0.004980630879911407
2012-01-26,1798,1819,1751,1820,26424,0.012235817575083408
2012-01-27,1823,1861,1806,1845,32343,0.013736263736263687
2012-01-30,1844,1849,1827,1832,2690,-0.007046070460704601
2012-01-31,1840,1840,1810,1837,6410,0.0027292576419213344
2012-02-01,1840,1840,1815,1832,17171,-0.0027218290691344293
2012-02-02,1844,1857,1815,1820,21926,-0.0065502183406113135
2012-02-03,1827,1832,1785,1820,28412,0.0
2012-02-06,1827,1827,1776,1786,22530,-0.018681318681318726
2012-02-07,1806,1823,1785,1794,24726,0.004479283314669624
2012-02-08,1793,1806,1772,1777,32780,-0.009476031215161607
2012-02-09,1785,1810,1751,1777,36310,0.0
2012-02-10,1776,1827,1776,1820,23831,0.024198086662915008
2012-02-13,1819,1908,1810,1845,34940,0.013736263736263687
2012-02-14,1857,1861,1823,1837,10620,-0.0043360433604335835
2012-02-15,1827,1849,1823,1837,14650,0.0
2012-02-16,1836,1840,1815,1824,16320,-0.007076755579749627
2012-02-17,1827,1853,1819,1824,21410,0.0
2012-02-20,1823,1844,1815,1824,19930,0.0
2012-02-21,1815,1827,1810,1815,14770,-0.004934210526315819
2012-02-22,1823,1823,1781,1811,17346,-0.0022038567493113392
2012-02-23,1802,1815,1781,1811,10070,0.0
2012-02-24,1815,1993,1802,1934,80620,0.06791827719491983
2012-02-27,1912,1929,1878,1900,46261,-0.0175801447776629
2012-02-28,1900,1938,1891,1909,30288,0.00473684210526315
2012-02-29,1908,1921,1895,1909,30042,0.0
2012-03-02,1904,1955,1904,1909,39607,0.0
2012-03-05,1908,1925,1849,1862,29468,-0.0246202200104767
2012-03-06,1870,1883,1789,1803,37202,-0.03168635875402792
2012-03-07,1776,1810,1764,1794,26848,-0.004991680532445919
2012-03-08,1785,1832,1785,1832,5100,0.021181716833890807
2012-03-09,1827,1844,1815,1845,11480,0.007096069868995691
2012-03-12,1853,1861,1840,1862,9614,0.009214092140921393
2012-03-13,1861,1870,1836,1862,9492,0.0
2012-03-14,1870,1870,1836,1854,11171,-0.004296455424274925
2012-03-15,1844,1861,1832,1845,5840,-0.004854368932038833
2012-03-16,1844,1844,1819,1837,12000,-0.0043360433604335835
2012-03-19,1836,1836,1815,1815,8680,-0.0119760479041916
2012-03-20,1832,1832,1806,1828,4765,0.007162534435261714
2012-03-21,1823,1827,1802,1828,3000,0.0
2012-03-22,1844,1844,1815,1820,4463,-0.004376367614879695
2012-03-23,1827,1827,1793,1811,7210,-0.0049450549450549275
2012-03-26,1810,1810,1785,1811,4230,0.0
2012-03-27,1798,1810,1789,1811,7930,0.0
2012-03-28,1789,1810,1789,1811,5240,0.0
2012-03-29,1789,1810,1759,1803,15630,-0.004417448923246803
2012-03-30,1781,1802,1764,1764,18426,-0.021630615640598982
2012-04-02,1772,1776,1751,1756,6520,-0.0045351473922902175
2012-04-03,1764,1764,1747,1756,11322,0.0
2012-04-04,1751,1755,1717,1756,9640,0.0
2012-04-05,1742,1747,1696,1747,17256,-0.005125284738040969
2012-04-06,1717,1725,1691,1701,23415,-0.02633085289066972
2012-04-09,1691,1700,1666,1667,18750,-0.01998824221046447
2012-04-10,1657,1708,1657,1696,17701,0.01739652069586084
2012-04-12,1696,1713,1687,1713,5610,0.010023584905660465
2012-04-13,1713,1713,1700,1713,2950,0.0
2012-04-16,1700,1700,1687,1701,3980,-0.007005253940455369
2012-04-17,1696,1734,1691,1735,4390,0.01998824221046447
2012-04-18,1717,1730,1708,1730,3250,-0.0028818443804035088
2012-04-19,1713,1734,1713,1726,11270,-0.0023121387283236983
2012-04-20,1734,1742,1704,1735,8901,0.005214368482039378
2012-04-23,1747,1747,1721,1726,9570,-0.005187319884726205
2012-04-24,1725,1725,1700,1726,10450,0.0
2012-04-25,1704,1725,1691,1718,15107,-0.004634994206257237
2012-04-26,1717,1721,1696,1722,11730,0.002328288707799775
2012-04-27,1713,1717,1679,1709,11455,-0.007549361207897842
2012-04-30,1708,1708,1670,1709,6182,0.0
2012-05-02,1708,1717,1674,1701,22533,-0.004681100058513743
2012-05-03,1700,1730,1691,1726,7332,0.014697236919459122
2012-05-04,1708,1768,1708,1764,15060,0.022016222479721792
2012-05-07,1759,1759,1742,1760,2760,-0.0022675736961451642
2012-05-08,1759,1798,1759,1786,12761,0.014772727272727382
2012-05-09,1785,1802,1772,1798,9051,0.006718924972004547
2012-05-10,1776,1802,1776,1803,9030,0.002780867630700845
2012-05-11,1806,1853,1776,1849,19973,0.025513033832501364
2012-05-14,1844,1844,1798,1824,8830,-0.013520822065981597
2012-05-15,1793,1802,1764,1794,16370,-0.016447368421052655
2012-05-16,1772,1785,1768,1781,5170,-0.007246376811594235
2012-05-17,1789,1793,1772,1786,1110,0.0028074115665357446
2012-05-18,1776,1785,1721,1786,9840,0.0
2012-05-21,1742,1751,1742,1747,3487,-0.021836506159014557
2012-05-22,1747,1781,1734,1760,13534,0.0074413279908414065
2012-05-23,1734,1759,1734,1752,6125,-0.004545454545454519
2012-05-24,1759,1772,1747,1752,6446,0.0
2012-05-25,1730,1755,1730,1756,4524,0.0022831050228311334
2012-05-29,1734,1781,1734,1773,4240,0.009681093394077411
2012-05-30,1772,1785,1764,1773,3676,0.0
2012-05-31,1742,1759,1742,1743,5398,-0.016920473773265665
2012-06-01,1738,1785,1734,1786,3390,0.024670109007458363
2012-06-04,1730,1759,1708,1747,5760,-0.021836506159014557
2012-06-05,1747,1751,1730,1743,8060,-0.0022896393817973815
2012-06-07,1759,1764,1738,1764,5894,0.012048192771084265
2012-06-08,1734,1755,1730,1743,3620,-0.011904761904761862
2012-06-11,1742,1776,1742,1769,5090,0.014916810097532984
2012-06-12,1738,1759,1734,1752,9420,-0.009609949123798756
2012-06-13,1751,1764,1725,1747,6355,-0.0028538812785388057
2012-06-14,1742,1742,1708,1726,12260,-0.01202060675443617
2012-06-15,1725,1742,1713,1743,14930,0.009849362688296726
2012-06-18,1742,1747,1725,1735,16625,-0.004589787722317884
2012-06-19,1725,1734,1708,1730,10016,-0.0028818443804035088
2012-06-20,1725,1725,1708,1718,12347,-0.006936416184971095
2012-06-21,1708,1747,1704,1747,14531,0.016880093131548257
2012-06-22,1734,1734,1700,1701,5800,-0.02633085289066972
2012-06-25,1717,1717,1679,1709,8131,0.004703115814226999
2012-06-26,1696,1725,1674,1726,9910,0.009947337624341746
2012-06-27,1700,1704,1674,1675,16846,-0.029548088064889955
2012-06-28,1674,1700,1662,1675,13220,0.0
2012-06-29,1674,1683,1666,1675,5890,0.0
2012-07-02,1683,1683,1657,1667,10200,-0.004776119402985057
2012-07-03,1683,1683,1649,1658,13443,-0.005398920215956782
2012-07-04,1653,1679,1653,1658,8970,0.0
2012-07-05,1662,1662,1645,1650,9106,-0.004825090470446325
2012-07-06,1657,1691,1649,1667,9807,0.010303030303030258
2012-07-09,1679,1679,1657,1667,380,0.0
2012-07-10,1666,1666,1645,1662,2910,-0.0029994001199760145
2012-07-11,1649,1674,1649,1675,2761,0.007821901323706415
2012-07-12,1670,1670,1640,1641,4714,-0.020298507462686577
2012-07-13,1657,1696,1640,1696,4420,0.03351614868982322
2012-07-16,1687,1687,1645,1654,5982,-0.024764150943396235
2012-07-17,1653,1657,1645,1658,8170,0.002418379685610539
2012-07-18,1657,1657,1619,1650,4100,-0.004825090470446325
2012-07-19,1628,1649,1628,1650,5150,0.0
2012-07-20,1640,1657,1640,1658,750,0.00484848484848488
2012-07-23,1653,1742,1628,1726,86996,0.04101326899879365
2012-07-24,1742,1742,1691,1743,46540,0.009849362688296726
2012-07-25,1725,1725,1670,1696,19811,-0.02696500286861736
2012-07-26,1713,1713,1666,1692,10882,-0.002358490566037763
2012-07-27,1696,1696,1653,1658,15476,-0.02009456264775411
2012-07-30,1666,1679,1645,1654,9890,-0.0024125452352231624
2012-07-31,1645,1666,1645,1654,9970,0.0
2012-08-01,1662,1662,1653,1658,1490,0.002418379685610539
2012-08-02,1657,1691,1645,1679,11825,0.01266586248492163
2012-08-03,1666,1708,1649,1701,21018,0.01310303752233466
2012-08-06,1700,1713,1691,1701,11386,0.0
2012-08-07,1691,1700,1674,1692,11981,-0.005291005291005346
2012-08-08,1687,1687,1674,1675,4283,-0.01004728132387711
2012-08-09,1674,1683,1657,1684,24300,0.005373134328358287
2012-08-10,1679,1687,1662,1675,32190,-0.005344418052256494
2012-08-13,1674,1691,1666,1675,23440,0.0
2012-08-14,1674,1721,1674,1718,61940,0.025671641791044753
2012-08-16,1721,1721,1687,1718,18637,0.0
2012-08-17,1725,1810,1713,1786,100852,0.03958090803259595
2012-08-20,1793,1815,1772,1798,29765,0.006718924972004547
2012-08-21,1823,1823,1776,1777,14710,-0.011679644048943283
2012-08-22,1776,1793,1742,1756,42301,-0.011817670230725996
2012-08-23,1747,1802,1747,1781,39246,0.014236902050113853
2012-08-24,1781,1793,1768,1786,12812,0.0028074115665357446
2012-08-27,1785,1806,1776,1807,27555,0.011758118701007847
2012-08-28,1819,1857,1810,1841,30647,0.018815716657443193
2012-08-29,1827,1849,1819,1828,21183,-0.007061379684953795
2012-08-30,1832,1832,1802,1820,26863,-0.004376367614879695
2012-08-31,1810,1827,1806,1815,11580,-0.0027472527472527375
2012-09-03,1815,1823,1798,1815,17100,0.0
2012-09-04,1823,1840,1806,1841,15384,0.014325068870523427
2012-09-05,1840,1891,1836,1888,28110,0.025529603476371454
2012-09-06,1887,1934,1887,1930,33130,0.022245762711864403
2012-09-07,1942,1942,1908,1930,19542,0.0
2012-09-10,1917,1917,1861,1896,23845,-0.01761658031088087
2012-09-11,1900,1912,1866,1888,18000,-0.00421940928270037
2012-09-12,1895,1917,1891,1905,9540,0.009004237288135597
2012-09-13,1912,1972,1904,1956,45900,0.026771653543307128
2012-09-14,1955,2027,1946,1994,69995,0.01942740286298572
2012-09-17,1993,2048,1963,2049,43854,0.027582748244734168
2012-09-18,2061,2133,2040,2121,72121,0.03513909224011713
2012-09-19,2180,2248,2129,2206,119961,0.040075436115040164
2012-09-20,2214,2346,2197,2296,63434,0.040797824116047154
2012-09-21,2333,2333,2240,2270,71122,-0.011324041811846652
2012-09-24,2286,2346,2269,2342,57526,0.0317180616740087
2012-09-25,2350,2359,2210,2211,27952,-0.05593509820666098
2012-09-26,2193,2235,2189,2211,41850,0.0
2012-09-27,2235,2316,2172,2300,43883,0.040253279059249136
2012-09-28,2299,2393,2299,2393,46598,0.04043478260869571
2012-10-02,2393,2435,2303,2338,36731,-0.02298370246552439
2012-10-04,2337,2422,2252,2372,58663,0.014542343883661157
2012-10-05,2414,2490,2388,2491,79625,0.05016863406408101
2012-10-08,2473,2486,2422,2474,39747,-0.006824568446407109
2012-10-09,2495,2495,2401,2444,24424,-0.01212611156022636
2012-10-10,2456,2469,2376,2406,36320,-0.01554828150572829
2012-10-11,2422,2431,2359,2410,24447,0.0016625103906899863
2012-10-12,2444,2482,2388,2474,27401,0.02655601659751028
2012-10-15,2490,2495,2414,2466,32535,-0.003233629749393674
2012-10-16,2482,2482,2422,2427,24100,-0.015815085158150888
2012-10-17,2435,2444,2371,2372,33344,-0.022661722290894137
2012-10-18,2371,2388,2333,2334,29581,-0.016020236087689765
2012-10-19,2359,2435,2274,2325,46890,-0.003856041131105381
2012-10-22,2308,2380,2282,2376,19006,0.021935483870967776
2012-10-23,2401,2422,2218,2219,104830,-0.06607744107744107
2012-10-24,2193,2308,2167,2308,38100,0.040108156827399766
2012-10-25,2312,2337,2180,2211,38360,-0.042027729636048505
2012-10-26,2201,2240,2184,2185,46510,-0.011759384893713198
2012-10-29,2210,2320,2206,2266,34731,0.03707093821510288
2012-10-30,2291,2295,2231,2279,22830,0.005736981465136903
2012-10-31,2299,2299,2214,2249,31980,-0.013163668275559481
2012-11-01,2252,2261,2193,2249,27340,0.0
2012-11-02,2269,2312,2235,2313,28190,0.028457092040907073
2012-11-05,2291,2308,2235,2308,13905,-0.002161694768698652
2012-11-06,2291,2303,2206,2262,35983,-0.019930675909878737
2012-11-07,2257,2257,2146,2181,56551,-0.035809018567639295
2012-11-08,2155,2223,2125,2206,17036,0.011462631820265967
2012-11-09,2180,2244,2167,2232,14470,0.011786038077969074
2012-11-12,2261,2278,2197,2215,10100,-0.007616487455197163
2012-11-13,2248,2320,2214,2313,42130,0.044243792325056486
2012-11-14,2303,2414,2303,2338,30931,0.01080847384349326
2012-11-15,2325,2325,2278,2304,16327,-0.014542343883661268
2012-11-16,2308,2346,2295,2330,9660,0.011284722222222321
2012-11-19,2312,2363,2312,2359,14490,0.01244635193133048
2012-11-20,2346,2376,2329,2330,19870,-0.012293344637558268
2012-11-21,2320,2346,2295,2338,15352,0.0034334763948498104
2012-11-22,2354,2397,2329,2351,24800,0.0055603079555175405
2012-11-23,2320,2350,2201,2228,108022,-0.0523181624840493
2012-11-26,2257,2312,2244,2262,22080,0.015260323159784539
2012-11-27,2282,2282,2240,2257,13280,-0.002210433244915988
2012-11-28,2257,2265,2210,2228,8575,-0.012848914488258756
2012-11-29,2231,2244,2218,2240,4260,0.0053859964093356805
2012-11-30,2240,2244,2197,2240,15200,0.0
2012-12-03,2210,2269,2197,2236,16130,-0.0017857142857142794
2012-12-04,2218,2257,2206,2236,8230,0.0
2012-12-05,2235,2265,2210,2262,9031,0.011627906976744207
2012-12-06,2244,2274,2244,2262,9490,0.0
2012-12-07,2244,2257,2206,2228,20505,-0.015030946065428874
2012-12-10,2214,2252,2214,2232,3681,0.0017953321364452268
2012-12-11,2235,2252,2214,2232,8833,0.0
2012-12-12,2231,2231,2201,2211,4512,-0.009408602150537626
2012-12-13,2197,2214,2189,2202,5394,-0.004070556309362261
2012-12-14,2193,2248,2172,2194,5200,-0.0036330608537693543
2012-12-17,2201,2201,2150,2160,19074,-0.015496809480401108
2012-12-18,2159,2193,2108,2185,29940,0.011574074074074181
2012-12-20,2163,2197,2150,2155,15309,-0.013729977116704761
2012-12-21,2155,2176,2142,2160,6530,0.002320185614849146
2012-12-24,2159,2180,2142,2177,4182,0.007870370370370416
2012-12-26,2176,2189,2167,2177,6360,0.0
2012-12-27,2142,2184,2142,2181,2700,0.0018373909049149706
2012-12-28,2193,2265,2184,2206,22499,0.011462631820265967
2013-01-02,2235,2235,2210,2223,8186,0.007706255666364514
2013-01-03,2214,2227,2193,2194,15370,-0.013045434098065689
2013-01-04,2193,2240,2184,2215,12450,0.009571558796718227
2013-01-07,2231,2231,2163,2164,22260,-0.023024830699774235
2013-01-08,2155,2180,2121,2181,22450,0.007855822550831837
2013-01-09,2180,2261,2180,2262,28330,0.037138927097661645
2013-01-10,2278,2308,2261,2266,15620,0.0017683465959328348
2013-01-11,2265,2291,2240,2283,11030,0.007502206531332822
2013-01-14,2295,2448,2295,2419,41730,0.059570740254051735
2013-01-15,2414,2456,2384,2423,31503,0.0016535758577924664
2013-01-16,2422,2444,2397,2406,8090,-0.0070160957490713605
2013-01-17,2405,2405,2308,2321,13090,-0.035328345802161265
2013-01-18,2359,2359,2248,2270,26600,-0.021973287376131023
2013-01-21,2274,2371,2235,2338,18412,0.0299559471365638
2013-01-22,2354,2405,2320,2355,14050,0.007271171941830579
2013-01-23,2342,2397,2274,2279,17170,-0.03227176220806793
2013-01-24,2257,2329,2252,2296,9830,0.00745941202281708
2013-01-25,2295,2363,2261,2364,8426,0.029616724738676048
2013-01-28,2329,2359,2312,2342,8921,-0.009306260575296155
2013-01-29,2295,2405,2295,2338,13861,-0.0017079419299743659
2013-01-30,2316,2346,2286,2287,15687,-0.021813515825491847
2013-01-31,2299,2329,2295,2313,4810,0.011368605159597811
2013-02-01,2337,2354,2291,2351,4160,0.016428880242109756
2013-02-04,2350,2380,2346,2364,17881,0.005529561888558021
2013-02-05,2363,2363,2316,2334,16351,-0.012690355329949221
2013-02-06,2303,2342,2265,2338,14080,0.001713796058269157
2013-02-07,2278,2354,2278,2287,8980,-0.021813515825491847
2013-02-08,2269,2269,2218,2249,8560,-0.016615653694796673
2013-02-12,2257,2257,2189,2253,9570,0.0017785682525566227
2013-02-13,2244,2248,2193,2206,10131,-0.020861074123391
2013-02-14,2206,2223,2184,2206,1445,0.0
2013-02-15,2223,2235,2197,2215,2180,0.004079782411604782
2013-02-18,2214,2235,2214,2236,920,0.00948081264108347
2013-02-19,2235,2308,2235,2296,4630,0.02683363148479434
2013-02-20,2295,2380,2295,2372,11270,0.03310104529616731
2013-02-21,2337,2380,2333,2376,23910,0.001686340640809414
2013-02-22,2376,2380,2329,2359,12261,-0.007154882154882136
2013-02-25,2359,2405,2359,2393,8000,0.0144128868164477
2013-02-26,2414,2414,2367,2368,7330,-0.010447137484329239
2013-02-27,2350,2388,2350,2389,5281,0.008868243243243201
2013-02-28,2393,2427,2354,2398,15978,0.0037672666387609244
2013-03-04,2350,2380,2329,2381,12301,-0.007089241034195171
2013-03-05,2359,2376,2295,2321,19752,-0.025199496010079758
2013-03-06,2354,2354,2286,2287,16940,-0.014648858250754015
2013-03-07,2286,2320,2214,2245,20381,-0.018364669873196293
2013-03-08,2244,2269,2197,2262,25895,0.0075723830734966135
2013-03-11,2261,2308,2206,2300,18346,0.016799292661361598
2013-03-12,2299,2380,2278,2325,20011,0.010869565217391353
2013-03-13,2367,2367,2286,2347,8475,0.009462365591397903
2013-03-14,2346,2405,2312,2402,24930,0.02343417128248837
2013-03-15,2388,2444,2380,2444,24161,0.017485428809325576
2013-03-18,2444,2444,2367,2410,6340,-0.013911620294599025
2013-03-19,2376,2410,2367,2402,3992,-0.003319502074688785
2013-03-20,2418,2456,2303,2342,60237,-0.02497918401332222
2013-03-21,2337,2342,2269,2274,15065,-0.029035012809564442
2013-03-22,2274,2329,2261,2330,10755,0.024626209322779147
2013-03-25,2329,2359,2269,2279,14049,-0.021888412017167402
2013-03-26,2295,2303,2248,2262,31614,-0.00745941202281708
2013-03-27,2269,2291,2223,2253,27216,-0.003978779840848823
2013-03-28,2252,2320,2235,2321,14340,0.030181979582778462
2013-03-29,2320,2337,2295,2321,14530,0.0
2013-04-01,2325,2350,2278,2347,7306,0.011202068074106064
2013-04-02,2312,2354,2299,2330,10570,-0.0072432893054963365
2013-04-03,2350,2350,2269,2308,12746,-0.009442060085836923
2013-04-04,2286,2329,2261,2313,10530,0.002166377816291254
2013-04-05,2320,2329,2278,2317,12700,0.0017293558149589217
2013-04-08,2325,2337,2299,2304,9150,-0.005610703495899871
2013-04-09,2316,2316,2252,2291,7130,-0.0056423611111111605
2013-04-10,2312,2329,2274,2291,5490,0.0
2013-04-11,2269,2325,2269,2317,14720,0.011348756001746008
2013-04-12,2337,2422,2299,2415,50620,0.04229607250755296
2013-04-15,2427,2678,2418,2644,98478,0.0948240165631471
2013-04-16,2631,2784,2631,2772,66021,0.04841149773071107
2013-04-17,2771,2903,2750,2882,62822,0.039682539682539764
2013-04-18,2882,2979,2882,2942,41273,0.020818875780707735
2013-04-19,2967,3022,2911,2959,42701,0.005778382053025055
2013-04-22,2924,3009,2898,3006,37918,0.015883744508279785
2013-04-23,3005,3094,3005,3069,28912,0.020958083832335328
2013-04-24,3111,3192,3017,3074,45850,0.001629195177582199
2013-04-25,3073,3073,2954,3018,38190,-0.018217306441119074
2013-04-26,3017,3120,2954,3116,27020,0.03247183565275025
2013-04-29,3149,3192,3073,3112,15110,-0.0012836970474967568
2013-04-30,3060,3234,3018,3125,31860,0.004177377892030876
2013-05-02,3205,3315,3124,3273,23885,0.04736000000000007
2013-05-03,3273,3273,3192,3252,15871,-0.006416131989000928
2013-05-06,3251,3268,3179,3180,6650,-0.022140221402214055
2013-05-07,3140,3145,3043,3125,16710,-0.01729559748427678
2013-05-08,3102,3145,3094,3108,4912,-0.00544
2013-05-09,3090,3132,3073,3108,25950,0.0
2013-05-10,3107,3107,2958,2989,35541,-0.03828828828828834
2013-05-13,2970,3018,2831,2908,22513,-0.027099364335898324
2013-05-14,2890,2911,2644,2763,50238,-0.04986244841815679
2013-05-15,2775,2856,2729,2857,17176,0.03402099167571482
2013-05-16,2856,2882,2758,2870,19573,0.004550227511375571
2013-05-20,2860,2860,2729,2763,25180,-0.03728222996515684
2013-05-21,2780,2822,2716,2802,33990,0.014115092290988063
2013-05-22,2843,2843,2758,2814,14261,0.004282655246252709
2013-05-23,2809,2809,2661,2687,21782,-0.0451314854299929
2013-05-24,2699,2707,2635,2691,23401,0.0014886490509862238
2013-05-27,2716,2750,2673,2725,16176,0.01263470828688229
2013-05-28,2695,2746,2682,2721,7133,-0.0014678899082568586
2013-05-29,2703,2746,2661,2721,23233,0.0
2013-05-30,2720,2724,2588,2657,31032,-0.023520764424843854
2013-05-31,2677,2707,2605,2695,9835,0.01430184418517122
2013-06-03,2695,2695,2593,2657,16360,-0.014100185528756914
2013-06-04,2686,2686,2516,2559,32024,-0.036883703424915315
2013-06-05,2554,2584,2537,2559,11996,0.0
2013-06-07,2584,2614,2546,2610,9241,0.01992966002344665
2013-06-10,2610,2775,2588,2712,23804,0.03908045977011487
2013-06-11,2707,2750,2669,2687,19524,-0.009218289085545672
2013-06-12,2733,2733,2669,2687,10710,0.0
2013-06-13,2729,2729,2682,2687,8700,0.0
2013-06-14,2729,2729,2567,2712,13820,0.009304056568663954
2013-06-17,2703,2703,2618,2623,15740,-0.03281710914454272
2013-06-18,2593,2682,2584,2683,6317,0.02287457110179192
2013-06-19,2652,2707,2550,2610,12969,-0.027208348863212772
2013-06-20,2601,2622,2520,2610,11220,0.0
2013-06-21,2601,2652,2525,2653,14042,0.016475095785440708
2013-06-24,2746,2746,2554,2602,9630,-0.019223520542781758
2013-06-25,2639,2639,2435,2534,13297,-0.02613374327440432
2013-06-26,2507,2571,2507,2534,1274,0.0
2013-06-27,2618,2627,2537,2576,4050,0.016574585635359185
2013-06-28,2576,2627,2571,2623,3690,0.018245341614906874
2013-07-01,2571,2686,2571,2683,6370,0.02287457110179192
2013-07-02,2712,2716,2588,2661,4190,-0.008199776369735345
2013-07-03,2673,2707,2622,2678,2430,0.0063885757234123375
2013-07-04,2648,2720,2648,2721,9792,0.016056758775205404
2013-07-05,2720,2805,2690,2806,13563,0.03123851525174559
2013-07-08,2805,2852,2699,2848,16554,0.014967925873129007
2013-07-09,2822,2869,2814,2870,7462,0.0077247191011236005
2013-07-10,2814,2848,2763,2840,6071,-0.010452961672473893
2013-07-11,2839,2839,2767,2780,7542,-0.021126760563380254
2013-07-12,2767,2797,2737,2780,6001,0.0
2013-07-15,2775,2814,2741,2772,6199,-0.0028776978417266452
2013-07-16,2780,2780,2758,2780,51724,0.0028860028860029363
2013-07-17,2771,2839,2771,2802,3920,0.007913669064748108
2013-07-18,2831,2890,2805,2878,12512,0.02712348322626701
2013-07-19,2877,2916,2843,2887,12875,0.003127171646977178
2013-07-22,2886,2924,2814,2891,10310,0.0013855213023901136
2013-07-23,2856,2882,2835,2853,5472,-0.013144240747146263
2013-07-24,2873,2877,2797,2831,8444,-0.007711181212758489
2013-07-25,2805,2856,2805,2823,4121,-0.0028258565877781194
2013-07-26,2852,2856,2809,2848,4310,0.008855827134254257
2013-07-29,2848,2877,2767,2785,10260,-0.022120786516853896
2013-07-30,2754,2784,2737,2785,11380,0.0
2013-07-31,2767,2805,2729,2785,8521,0.0
2013-08-01,2758,2775,2673,2674,14013,-0.039856373429084435
2013-08-02,2665,2712,2665,2695,9172,0.007853403141361293
2013-08-05,2695,2750,2673,2746,4790,0.01892393320964758
2013-08-06,2729,2835,2712,2831,8507,0.030954115076474942
2013-08-07,2839,2928,2792,2929,20765,0.03461674320028263
2013-08-08,2928,2950,2873,2925,8047,-0.0013656538067600144
2013-08-09,2933,3009,2907,3006,9213,0.027692307692307683
2013-08-12,2958,3060,2958,2993,9943,-0.0043246839654025315
2013-08-13,2984,3018,2941,2967,6431,-0.008686936184430283
2013-08-14,2984,2984,2890,2950,9605,-0.005729693292888416
2013-08-16,2950,2988,2911,2972,6900,0.007457627118644172
2013-08-19,3000,3000,2843,2857,15429,-0.03869448183041724
2013-08-20,2831,2865,2771,2857,11606,0.0
2013-08-21,2822,2890,2822,2874,7130,0.005950297514875746
2013-08-22,2801,2907,2797,2908,4700,0.011830201809325036
2013-08-23,2877,2920,2860,2899,10124,-0.0030949105914718222
2013-08-26,2899,2907,2784,2785,4910,-0.03932390479475678
2013-08-27,2805,2882,2741,2874,7054,0.031956912028725304
2013-08-28,2805,2848,2737,2806,6727,-0.02366040361864996
2013-08-29,2848,2848,2669,2670,22410,-0.0484675694939416
2013-08-30,2682,2686,2627,2636,4850,-0.012734082397003799
2013-09-02,2639,2678,2627,2653,6452,0.006449165402124368
2013-09-03,2644,2644,2554,2589,21172,-0.0241236336223144
2013-09-04,2622,2627,2554,2568,6800,-0.008111239860950192
2013-09-05,2580,2656,2580,2644,10600,0.029595015576324046
2013-09-06,2644,2644,2601,2615,5360,-0.010968229954614217
2013-09-09,2605,2635,2576,2593,4940,-0.008413001912045859
2013-09-10,2588,2601,2520,2593,25180,0.0
2013-09-11,2592,2618,2588,2610,6300,0.00655611261087552
2013-09-12,2610,2614,2559,2589,10690,-0.008045977011494232
2013-09-13,2563,2890,2495,2636,42571,0.018153727307840928
2013-09-16,2631,2631,2507,2576,19191,-0.022761760242792084
2013-09-17,2550,2563,2499,2530,18860,-0.017857142857142905
2013-09-23,2520,2550,2507,2530,2071,0.0
2013-09-24,2529,2635,2512,2636,6700,0.04189723320158101
2013-09-25,2567,2576,2516,2517,18389,-0.04514415781487102
2013-09-26,2499,2516,2473,2474,15015,-0.017083829956297203
2013-09-27,2482,2499,2473,2483,4666,0.003637833468068008
2013-09-30,2495,2495,2448,2449,10157,-0.013693113169552906
2013-10-01,2452,2465,2427,2427,11468,-0.00898325847284609
2013-10-02,2431,2516,2431,2474,10858,0.019365471775854903
2013-10-04,2482,2507,2465,2504,4356,0.01212611156022625
2013-10-07,2507,2507,2448,2453,5150,-0.020367412140575025
2013-10-08,2439,2473,2431,2440,3040,-0.005299633102323731
2013-10-10,2439,2465,2418,2440,2661,0.0
2013-10-11,2469,2469,2431,2440,3550,0.0
2013-10-14,2465,2465,2388,2389,6881,-0.020901639344262257
2013-10-15,2401,2414,2380,2398,4539,0.0037672666387609244
2013-10-16,2380,2410,2342,2355,8533,-0.017931609674728954
2013-10-17,2380,2380,2282,2330,16201,-0.010615711252653925
2013-10-18,2329,2329,2252,2287,14677,-0.018454935622317592
2013-10-21,2282,2286,2206,2240,23415,-0.020550940096195847
2013-10-22,2197,2257,2197,2257,20652,0.007589285714285632
2013-10-23,2257,2274,2214,2228,22505,-0.012848914488258756
2013-10-24,2223,2261,2214,2228,10478,0.0
2013-10-25,2235,2376,2227,2376,29062,0.06642728904847406
2013-10-28,2376,2418,2337,2389,11385,0.005471380471380405
2013-10-29,2367,2427,2354,2398,7500,0.0037672666387609244
2013-10-30,2384,2397,2376,2389,2480,-0.003753127606338613
2013-10-31,2393,2401,2367,2381,7715,-0.003348681456676439
2013-11-01,2393,2499,2333,2449,19443,0.028559428811423704
2013-11-04,2482,2495,2397,2436,10480,-0.005308289097590846
2013-11-05,2397,2422,2329,2393,15175,-0.01765188834154352
2013-11-06,2371,2401,2354,2355,1480,-0.01587964897618055
2013-11-07,2380,2388,2325,2389,10510,0.014437367303609339
2013-11-08,2303,2397,2303,2376,11761,-0.005441607367099199
2013-11-11,2371,2397,2333,2347,6560,-0.01220538720538722
2013-11-12,2329,2397,2329,2368,6261,0.008947592671495475
2013-11-13,2346,2414,2342,2393,9591,0.010557432432432456
2013-11-14,2380,2397,2342,2372,3121,-0.008775595486836596
2013-11-15,2371,2401,2350,2389,6750,0.007166947723440176
2013-11-18,2393,2452,2388,2436,16246,0.019673503557974037
2013-11-19,2410,2529,2410,2470,20120,0.013957307060755264
2013-11-20,2469,2482,2410,2432,10940,-0.01538461538461533
2013-11-21,2418,2482,2359,2364,18154,-0.02796052631578949
2013-11-22,2380,2380,2240,2279,24602,-0.03595600676818955
2013-11-25,2269,2320,2244,2300,9391,0.009214567792891648
2013-11-26,2303,2354,2261,2291,8191,-0.003913043478260825
2013-11-27,2269,2325,2269,2283,6988,-0.0034919249236141647
2013-11-28,2295,2363,2257,2355,7370,0.031537450722733285
2013-11-29,2354,2431,2291,2376,10420,0.008917197452229297
2013-12-02,2397,2397,2295,2304,9560,-0.030303030303030276
2013-12-03,2291,2320,2231,2270,16532,-0.01475694444444442
2013-12-04,2248,2286,2193,2236,21913,-0.0149779735682819
2013-12-05,2235,2295,2235,2270,10913,0.015205724508050134
2013-12-06,2274,2286,2257,2287,2882,0.007488986784141005
2013-12-09,2265,2295,2235,2236,1811,-0.022299956274595578
2013-12-10,2252,2252,2197,2211,18570,-0.011180679785330994
2013-12-11,2223,2248,2197,2211,5780,0.0
2013-12-12,2193,2269,2189,2270,9081,0.0266847580280416
2013-12-13,2278,2320,2248,2266,4352,-0.0017621145374449032
2013-12-16,2257,2265,2201,2245,18080,-0.00926743159752863
2013-12-17,2269,2274,2218,2262,2101,0.0075723830734966135
2013-12-18,2278,2295,2235,2291,4990,0.012820512820512775
2013-12-19,2269,2380,2269,2359,5124,0.029681361850720123
2013-12-20,2359,2359,2303,2330,1971,-0.012293344637558268
2013-12-23,2346,2376,2320,2359,3138,0.01244635193133048
2013-12-24,2359,2388,2299,2355,5321,-0.0016956337431114354
2013-12-26,2371,2410,2371,2393,4201,0.016135881104033967
2013-12-27,2329,2388,2329,2376,2040,-0.007104053489343953
2013-12-30,2346,2410,2342,2410,2440,0.014309764309764272
2014-01-02,2410,2410,2359,2359,2241,-0.021161825726141115
2014-01-03,2346,2363,2342,2351,1992,-0.003391267486222982
2014-01-06,2354,2388,2337,2389,3571,0.016163334751169822
2014-01-07,2397,2435,2367,2398,5320,0.0037672666387609244
2014-01-08,2435,2439,2418,2432,2120,0.014178482068390341
2014-01-09,2431,2444,2397,2432,1870,0.0
2014-01-10,2444,2503,2405,2504,7749,0.02960526315789469
2014-01-13,2465,2537,2461,2534,5200,0.01198083067092659
2014-01-14,2533,2550,2482,2521,2710,-0.005130228887134991
2014-01-15,2520,2520,2456,2474,6008,-0.01864339547798488
2014-01-16,2452,2473,2435,2466,2870,-0.003233629749393674
2014-01-17,2435,2499,2431,2440,2850,-0.010543390105433925
2014-01-20,2431,2448,2422,2449,1610,0.0036885245901638886
2014-01-21,2452,2473,2418,2436,2310,-0.005308289097590846
2014-01-22,2456,2456,2422,2444,480,0.003284072249589487
2014-01-23,2461,2461,2410,2444,3290,0.0
2014-01-24,2439,2439,2401,2419,3890,-0.010229132569558153
2014-01-27,2405,2405,2350,2376,5470,-0.01777594047126907
2014-01-28,2380,2380,2342,2368,2740,-0.0033670033670033517
2014-01-29,2325,2376,2312,2376,3260,0.0033783783783782884
2014-02-03,2363,2363,2299,2300,5855,-0.03198653198653201
2014-02-04,2282,2371,2231,2364,7900,0.027826086956521667
2014-02-05,2350,2371,2295,2364,2943,0.0
2014-02-06,2320,2401,2320,2402,3573,0.0160744500846024
2014-02-07,2401,2482,2363,2483,5721,0.03372189841798501
2014-02-10,2482,2482,2410,2432,2680,-0.020539669754329415
2014-02-11,2418,2422,2388,2398,2365,-0.01398026315789469
2014-02-12,2397,2465,2380,2419,6921,0.008757297748123394
2014-02-13,2418,2422,2401,2415,2730,-0.0016535758577924664
2014-02-14,2439,2456,2405,2449,1441,0.014078674948240222
2014-02-17,2439,2452,2401,2427,2323,-0.00898325847284609
2014-02-18,2431,2439,2384,2423,2910,-0.0016481252575195615
2014-02-19,2444,2444,2354,2364,4663,-0.02434997936442429
2014-02-20,2342,2367,2342,2355,1771,-0.0038071065989847552
2014-02-21,2376,2376,2346,2364,1010,0.003821656050955413
2014-02-24,2350,2350,2320,2334,1681,-0.012690355329949221
2014-02-25,2325,2337,2308,2321,3700,-0.005569837189374427
2014-02-26,2282,2320,2282,2308,10361,-0.005601034037053032
2014-02-27,2308,2308,2286,2304,2373,-0.0017331022530329143
2014-02-28,2291,2312,2274,2300,5020,-0.0017361111111111605
2014-03-03,2295,2299,2274,2279,4080,-0.009130434782608665
2014-03-04,2265,2282,2235,2253,4660,-0.011408512505484913
2014-03-05,2269,2337,2257,2321,5454,0.030181979582778462
2014-03-06,2359,2363,2320,2355,2860,0.014648858250754015
2014-03-07,2367,2384,2325,2359,2670,0.001698513800424628
2014-03-10,2346,2469,2346,2436,13170,0.03264094955489605
2014-03-11,2431,2495,2431,2491,7495,0.02257799671592764
2014-03-12,2495,2495,2410,2432,4800,-0.02368526696105977
2014-03-13,2448,2567,2427,2491,13525,0.024259868421052655
2014-03-14,2473,2495,2414,2487,7991,-0.0016057808109193328
2014-03-17,2473,2490,2439,2487,3320,0.0
2014-03-18,2469,2516,2456,2474,1487,-0.0052271813429835
2014-03-19,2490,2516,2473,2517,6936,0.01738075990299115
2014-03-20,2499,2542,2482,2542,4281,0.009932459276916994
2014-03-21,2546,2588,2507,2547,7180,0.0019669551534224894
2014-03-24,2529,2559,2516,2542,4650,-0.0019630938358853323
2014-03-25,2525,2546,2516,2525,7451,-0.0066876475216365305
2014-03-26,2550,2550,2516,2547,7722,0.00871287128712872
2014-03-27,2537,2542,2525,2542,8900,-0.0019630938358853323
2014-03-28,2567,2571,2520,2542,4708,0.0
2014-03-31,2546,2550,2516,2547,9090,0.0019669551534224894
2014-04-01,2550,2567,2529,2542,2101,-0.0019630938358853323
2014-04-02,2542,2559,2512,2542,7070,0.0
2014-04-03,2542,2567,2542,2547,5081,0.0019669551534224894
2014-04-04,2546,2571,2516,2564,6250,0.0066745190420101075
2014-04-07,2550,2584,2524,2559,4700,-0.0019500780031200815
2014-04-08,2533,2559,2512,2512,9190,-0.01836654943337246
2014-04-09,2546,2567,2503,2568,7862,0.022292993630573354
2014-04-10,2550,2576,2550,2568,8310,0.0
2014-04-11,2580,2584,2546,2581,3520,0.005062305295950198
2014-04-14,2580,2597,2563,2585,937,0.0015497869043006318
2014-04-15,2588,2627,2567,2610,3032,0.009671179883945946
2014-04-16,2584,2618,2576,2598,7170,-0.0045977011494252595
2014-04-17,2597,2661,2593,2602,9300,0.0015396458814471714
2014-04-18,2601,2601,2571,2585,6811,-0.006533435818601108
2014-04-21,2576,2597,2571,2585,7640,0.0
2014-04-22,2588,2622,2588,2623,2266,0.01470019342359774
2014-04-23,2622,2695,2593,2695,12919,0.027449485322150302
2014-04-24,2682,2686,2635,2653,3606,-0.01558441558441559
2014-04-25,2652,2669,2614,2670,4730,0.006407840180927327
2014-04-28,2678,2686,2631,2670,8320,0.0
2014-04-29,2665,2690,2635,2674,3160,0.0014981273408238849
2014-04-30,2661,2703,2644,2683,4815,0.0033657442034404905
2014-05-02,2682,2690,2665,2683,2640,0.0
2014-05-07,2682,2686,2639,2657,4282,-0.009690644800596337
2014-05-08,2656,2673,2644,2674,2620,0.006398193451260914
2014-05-09,2661,2792,2656,2793,7550,0.04450261780104703
2014-05-12,2788,2788,2712,2729,4785,-0.02291442892946649
2014-05-13,2746,2970,2678,2972,9600,0.0890436057163797
2014-05-14,2869,2899,2771,2793,15522,-0.06022880215343207
2014-05-15,2784,2818,2733,2780,5773,-0.0046544933762978635
2014-05-16,2792,2792,2678,2678,8746,-0.03669064748201434
2014-05-19,2678,2945,2665,2895,39188,0.08103061986557125
2014-05-20,2873,2882,2775,2776,13100,-0.041105354058721955
2014-05-21,2746,2822,2737,2789,8043,0.004682997118155674
2014-05-22,2763,2780,2699,2717,17896,-0.02581570455360349
2014-05-23,2716,2763,2716,2738,4345,0.00772911299227097
2014-05-26,2767,2797,2716,2797,10559,0.021548575602629683
2014-05-27,2767,2792,2716,2721,24392,-0.027171969967822673
2014-05-28,2720,2733,2716,2721,12104,0.0
2014-05-29,2720,2746,2716,2717,6447,-0.0014700477765526854
2014-05-30,2733,2805,2716,2738,24700,0.00772911299227097
2014-06-02,2737,2797,2737,2763,4188,0.009130752373995632
2014-06-03,2771,2856,2754,2806,11076,0.015562794064422736
2014-06-05,2805,2886,2805,2844,10462,0.013542409123307175
2014-06-09,2843,2916,2843,2874,5187,0.010548523206751037
2014-06-10,2890,2924,2852,2904,11127,0.010438413361169019
2014-06-11,2924,2936,2886,2891,5863,-0.004476584022038543
2014-06-12,2877,3001,2877,2950,8907,0.020408163265306145
2014-06-13,2924,2962,2831,2899,12965,-0.01728813559322029
2014-06-16,2890,2933,2873,2908,2814,0.0031045187995859536
2014-06-17,2907,2933,2907,2908,3187,0.0
2014-06-18,2882,2890,2818,2823,6320,-0.02922971114167816
2014-06-19,2805,2843,2716,2717,21564,-0.037548707049238406
2014-06-20,2737,2771,2703,2755,19435,0.013986013986013957
2014-06-23,2780,2780,2724,2746,6701,-0.0032667876588021727
2014-06-24,2728,2767,2720,2746,4082,0.0
2014-06-25,2724,2741,2716,2721,9954,-0.009104151493080859
2014-06-26,2720,2767,2720,2746,3079,0.009187798603454533
2014-06-27,2724,2754,2720,2725,4009,-0.007647487254187957
2014-06-30,2741,2741,2716,2721,2010,-0.0014678899082568586
2014-07-01,2720,2737,2716,2734,7238,0.004777655273796366
2014-07-02,2754,2754,2716,2734,18319,0.0
2014-07-03,2741,2907,2733,2878,18573,0.05267008046817856
2014-07-04,3052,3179,2945,3129,43958,0.08721334259902713
2014-07-07,3145,3306,3137,3176,32163,0.01502077341003516
2014-07-08,3171,3230,3098,3163,22524,-0.004093198992443314
2014-07-09,3145,3260,3120,3129,23952,-0.010749288650015787
2014-07-10,3179,3179,3103,3159,13180,0.009587727708533
2014-07-11,3145,3242,3102,3244,15832,0.02690724912947129
2014-07-14,3277,3298,3196,3201,10364,-0.013255240443896477
2014-07-15,3205,3268,3086,3086,24373,-0.035926273039675105
2014-07-16,3072,3086,2962,3023,20697,-0.02041477640959166
2014-07-17,3018,3018,2911,2912,30638,-0.036718491564670885
2014-07-18,2886,2954,2826,2865,30526,-0.016140109890109944
2014-07-21,2869,2903,2831,2882,12254,0.005933682373473026
2014-07-22,2864,3111,2860,2959,75407,0.026717557251908497
2014-07-23,3009,3009,2916,2950,26275,-0.0030415680973301384
2014-07-24,2932,2958,2848,2891,25023,-0.020000000000000018
2014-07-25,2848,2877,2767,2865,10490,-0.008993427879626426
2014-07-28,2856,2899,2831,2848,12648,-0.005933682373472915
2014-07-29,2784,2860,2771,2840,20501,-0.002808988764044895
2014-07-30,2848,2877,2797,2865,9811,0.008802816901408494
2014-07-31,2809,2899,2780,2810,19124,-0.01919720767888311
2014-08-01,2809,2809,2754,2759,24446,-0.018149466192170838
2014-08-04,2775,2835,2767,2831,7857,0.026096411743385284
2014-08-05,2848,2848,2741,2768,23305,-0.022253620628753135
2014-08-06,2767,2775,2750,2755,6909,-0.004696531791907543
2014-08-07,2767,2767,2729,2729,18200,-0.009437386569872919
2014-08-08,2729,2750,2720,2742,16240,0.004763649688530602
2014-08-11,2741,2741,2707,2708,43735,-0.012399708242158969
2014-08-12,2707,2831,2707,2789,33717,0.029911373707533162
2014-08-13,2797,3094,2780,3044,103836,0.09143062029401228
2014-08-14,3072,3179,2975,3027,40014,-0.005584756898817322
2014-08-18,3030,3170,3017,3142,31463,0.037991410637594925
2014-08-19,3166,3166,3064,3078,22746,-0.020369191597708447
2014-08-20,3064,3158,3030,3061,30546,-0.0055230669265756704
2014-08-21,3064,3137,3026,3103,11510,0.0137210062071218
2014-08-22,3077,3103,2975,3052,23346,-0.016435707379954922
2014-08-25,3052,3124,3035,3065,10968,0.004259501965923951
2014-08-26,3090,3166,3060,3125,13527,0.019575856443719397
2014-08-27,3128,3141,3073,3078,10525,-0.015040000000000053
2014-08-28,3077,3094,3022,3027,9653,-0.016569200779727122
2014-08-29,3030,3030,2945,3014,15695,-0.004294681202510753
2014-09-01,3013,3022,2903,2933,18190,-0.026874585268745865
2014-09-02,2933,2984,2916,2984,13360,0.017388339584043733
2014-09-03,2984,3103,2950,3095,14122,0.037198391420911525
2014-09-04,3094,3124,3005,3078,16967,-0.005492730210016172
2014-09-05,3098,3098,2971,2993,17841,-0.027615334632878463
2014-09-11,2996,3030,2886,2950,20349,-0.014366855997327121
2014-09-12,2954,2975,2860,2921,14658,-0.009830508474576227
2014-09-15,2920,2920,2801,2810,23354,-0.03800068469702156
2014-09-16,2805,2818,2737,2759,16365,-0.018149466192170838
2014-09-17,2767,2835,2763,2789,15511,0.010873504893077257
2014-09-18,2814,2882,2788,2865,15232,0.027249910362136864
2014-09-19,2890,2954,2848,2929,8414,0.022338568935427627
2014-09-22,2941,2950,2911,2912,7148,-0.005804028678729978
2014-09-23,2941,2941,2869,2916,4710,0.0013736263736263687
2014-09-24,2924,2970,2890,2972,9979,0.019204389574760006
2014-09-25,2975,2975,2856,2925,7571,-0.015814266487213957
2014-09-26,2911,2971,2886,2925,10879,0.0
2014-09-29,2975,2975,2763,2823,13387,-0.034871794871794926
2014-09-30,2839,2924,2818,2904,15049,0.02869287991498415
2014-10-01,2928,2945,2788,2802,6747,-0.03512396694214881
2014-10-02,2801,2924,2754,2925,8401,0.043897216274090045
2014-10-06,2937,2937,2775,2819,12401,-0.0362393162393162
2014-10-07,2818,2818,2720,2738,30711,-0.02873359347286275
2014-10-08,2720,2737,2720,2734,13232,-0.0014609203798392478
2014-10-10,2746,2746,2720,2721,26368,-0.004754937820043881
2014-10-13,2720,2733,2652,2704,25336,-0.006247703050349163
2014-10-14,2703,2720,2618,2627,19089,-0.02847633136094674
2014-10-15,2627,2686,2605,2687,12152,0.022839741149600412
2014-10-16,2699,2699,2597,2636,7115,-0.01898027540007441
2014-10-17,2618,2648,2618,2644,8623,0.003034901365705611
2014-10-20,2661,2695,2618,2695,6743,0.019288956127080148
2014-10-21,2656,2707,2656,2691,6807,-0.0014842300556586752
2014-10-22,2690,2775,2678,2759,11807,0.02526941657376436
2014-10-23,2758,2784,2703,2755,7043,-0.0014498006524102935
2014-10-24,2754,2758,2678,2678,6165,-0.027949183303085268
2014-10-27,2703,2805,2665,2806,8741,0.047796863330843875
2014-10-28,2771,2771,2699,2700,7341,-0.037776193870277974
2014-10-29,2712,2805,2695,2742,14169,0.015555555555555545
2014-10-30,2754,2754,2661,2695,16265,-0.017140773158278666
2014-10-31,2707,2733,2665,2734,7244,0.014471243042671667
2014-11-03,2741,2741,2639,2717,14103,-0.006217995610826588
2014-11-04,2729,2784,2648,2708,12785,-0.0033124769966875744
2014-11-05,2673,2733,2644,2644,10879,-0.02363367799113736
2014-11-06,2690,2690,2593,2619,5923,-0.009455370650529482
2014-11-07,2618,2673,2593,2666,4624,0.017945780832378855
2014-11-10,2699,2699,2643,2653,3739,-0.004876219054763653
2014-11-11,2652,2669,2601,2602,3903,-0.019223520542781758
2014-11-12,2635,2635,2584,2585,15077,-0.006533435818601108
2014-11-13,2584,2601,2516,2542,22248,-0.01663442940038684
2014-11-14,2563,2580,2529,2542,7053,0.0
2014-11-17,2593,2593,2507,2512,2573,-0.011801730920535047
2014-11-18,2529,2567,2503,2512,3785,0.0
2014-11-19,2546,2546,2507,2547,7300,0.013933121019108263
2014-11-20,2546,2576,2452,2457,16942,-0.035335689045936425
2014-11-21,2456,2542,2388,2491,10796,0.013838013838013863
2014-11-24,2503,2503,2444,2444,5416,-0.018867924528301883
2014-11-25,2465,2473,2422,2461,3894,0.006955810147299513
2014-11-26,2465,2465,2380,2423,7456,-0.015440877691995092
2014-11-27,2410,2439,2376,2423,15007,0.0
2014-11-28,2410,2427,2384,2402,7122,-0.008666941807676465
2014-12-01,2380,2405,2367,2402,7312,0.0
2014-12-02,2410,2410,2359,2393,5157,-0.003746877601998322
2014-12-03,2388,2393,2359,2359,9347,-0.014208106978687796
2014-12-04,2333,2422,2329,2415,7135,0.023738872403560762
2014-12-05,2397,2678,2384,2542,24656,0.05258799171842643
2014-12-08,2542,2580,2507,2576,12039,0.013375295043273061
2014-12-09,2576,2597,2503,2508,13348,-0.026397515527950333
2014-12-10,2482,2525,2456,2483,11810,-0.009968102073365182
2014-12-11,2465,2499,2435,2474,9465,-0.003624647603705178
2014-12-12,2473,2499,2456,2495,5292,0.008488278092158463
2014-12-15,2452,2490,2452,2491,8508,-0.0016032064128256307
2014-12-16,2465,2482,2439,2453,12586,-0.01525491770373344
2014-12-17,2452,2499,2444,2487,8118,0.013860578883000407
2014-12-18,2486,2507,2465,2508,7703,0.008443908323281013
2014-12-19,2507,2529,2495,2525,12769,0.006778309409888328
2014-12-22,2500,2525,2435,2505,5606,-0.007920792079207928
2014-12-23,2500,2500,2450,2480,4927,-0.009980039920159722
2014-12-24,2460,2480,2455,2470,3937,-0.0040322580645161255
2014-12-26,2470,2495,2460,2470,7513,0.0
2014-12-29,2445,2465,2435,2460,5392,-0.004048582995951455
2014-12-30,2450,2500,2445,2495,5864,0.014227642276422703
2015-01-02,2450,2495,2450,2480,4891,-0.006012024048096198
2015-01-05,2480,2495,2420,2490,4783,0.0040322580645162365
2015-01-06,2440,2495,2400,2480,6511,-0.004016064257028162
2015-01-07,2445,2475,2420,2450,3815,-0.012096774193548376
2015-01-08,2415,2450,2375,2430,12245,-0.008163265306122436
2015-01-09,2420,2445,2395,2440,4477,0.004115226337448652
2015-01-12,2415,2450,2415,2445,2976,0.002049180327868827
2015-01-13,2455,2540,2410,2530,9981,0.03476482617586907
2015-01-14,2465,2580,2450,2465,5536,-0.025691699604743046
2015-01-15,2480,2480,2445,2475,1916,0.0040567951318457585
2015-01-16,2450,2480,2430,2460,5020,-0.0060606060606061
2015-01-19,2485,2485,2415,2470,5068,0.004065040650406582
2015-01-20,2470,2470,2430,2430,2339,-0.01619433198380571
2015-01-21,2425,2465,2415,2460,5092,0.012345679012345734
2015-01-22,2430,2440,2405,2415,7612,-0.018292682926829285
2015-01-23,2420,2455,2400,2425,6163,0.0041407867494824835
2015-01-26,2410,2465,2400,2425,5672,0.0
2015-01-27,2455,2490,2425,2470,7198,0.01855670103092777
2015-01-28,2450,2490,2430,2480,7866,0.004048582995951344
2015-01-29,2480,2520,2450,2490,6947,0.0040322580645162365
2015-01-30,2485,2520,2470,2500,4518,0.004016064257028162
2015-02-02,2495,2500,2440,2450,11968,-0.020000000000000018
2015-02-03,2450,2455,2420,2425,9421,-0.010204081632653073
2015-02-04,2450,2450,2390,2435,12180,0.004123711340206171
2015-02-05,2420,2445,2405,2440,4740,0.002053388090349051
2015-02-06,2440,2460,2430,2450,7343,0.004098360655737654
2015-02-09,2465,2500,2410,2460,15788,0.004081632653061273
2015-02-10,2460,2515,2430,2505,7739,0.018292682926829285
2015-02-11,2505,2525,2490,2505,4527,0.0
2015-02-12,2505,2525,2500,2515,3621,0.003992015968063978
2015-02-13,2540,2540,2490,2505,3583,-0.003976143141153132
2015-02-16,2505,2515,2475,2485,4827,-0.007984031936127733
2015-02-17,2485,2530,2465,2510,9341,0.010060362173038184
2015-02-23,2500,2515,2450,2500,12556,-0.003984063745019917
2015-02-24,2500,2550,2450,2545,19007,0.018000000000000016
2015-02-25,2540,2615,2540,2615,12092,0.027504911591355707
2015-02-26,2590,2625,2560,2625,8330,0.003824091778202643
2015-02-27,2620,2634,2600,2630,6359,0.0019047619047618536
2015-03-02,2630,2665,2580,2590,5847,-0.01520912547528519
2015-03-03,2600,2650,2584,2610,6537,0.007722007722007707
2015-03-04,2609,2615,2580,2605,6455,-0.0019157088122605526
2015-03-05,2605,2605,2570,2580,4862,-0.009596928982725572
2015-03-06,2585,2605,2530,2530,11254,-0.019379844961240345
2015-03-09,2550,2600,2530,2570,11994,0.015810276679841806
2015-03-10,2585,2600,2520,2530,6302,-0.015564202334630295
2015-03-11,2515,2615,2485,2570,15477,0.015810276679841806
2015-03-12,2570,2610,2565,2570,6834,0.0
2015-03-13,2550,2560,2490,2505,18895,-0.02529182879377434
2015-03-16,2505,2520,2475,2515,14502,0.003992015968063978
2015-03-17,2515,2520,2490,2515,9624,0.0
2015-03-18,2525,2530,2460,2475,13946,-0.015904572564612307
2015-03-19,2475,2480,2435,2460,17821,-0.0060606060606061
2015-03-20,2440,2465,2410,2435,22466,-0.010162601626016232
2015-03-23,2435,2465,2425,2455,17138,0.008213552361396204
2015-03-24,2465,2470,2380,2420,44562,-0.014256619144602856
2015-03-25,2420,2470,2420,2470,13727,0.02066115702479343
2015-03-26,2460,2475,2420,2440,9450,-0.012145748987854255
2015-03-27,2450,2450,2390,2430,14759,-0.004098360655737654
2015-03-30,2430,2450,2415,2440,12155,0.004115226337448652
2015-03-31,2440,2460,2435,2440,13100,0.0
2015-04-01,2440,2490,2435,2485,17634,0.018442622950819665
2015-04-02,2495,2590,2485,2555,29731,0.028169014084507005
2015-04-03,2580,2580,2530,2570,13560,0.005870841487279899
2015-04-06,2545,2650,2545,2615,26596,0.017509727626459082
2015-04-07,2610,2610,2550,2560,17578,-0.021032504780114758
2015-04-08,2560,2575,2505,2540,16945,-0.0078125
2015-04-09,2535,2590,2500,2580,26713,0.015748031496062964
2015-04-10,2565,2610,2550,2560,22114,-0.007751937984496138
2015-04-13,2565,2610,2550,2580,20462,0.0078125
2015-04-14,2590,2685,2560,2670,31261,0.03488372093023262
2015-04-15,2690,2715,2660,2695,19596,0.009363295880149725
2015-04-16,2730,2860,2650,2670,49474,-0.00927643784786647
2015-04-17,2685,2725,2655,2700,43094,0.011235955056179803
2015-04-20,2700,2769,2630,2745,33656,0.016666666666666607
2015-04-21,2710,2725,2645,2685,17469,-0.021857923497267784
2015-04-22,2680,2710,2635,2685,23083,0.0
2015-04-23,2675,2685,2595,2640,18142,-0.016759776536312887
2015-04-24,2649,2685,2609,2685,18605,0.017045454545454586
2015-04-27,2685,2700,2634,2670,10086,-0.005586592178770999
2015-04-28,2685,2690,2610,2655,24243,-0.005617977528089901
2015-04-29,2650,2665,2520,2635,17522,-0.007532956685499026
2015-04-30,2615,2650,2560,2620,24311,-0.005692599620493399
2015-05-04,2620,2660,2605,2625,6270,0.001908396946564972
2015-05-06,2625,2625,2570,2615,9390,-0.003809523809523818
2015-05-07,2575,2595,2545,2575,7997,-0.015296367112810683
2015-05-08,2580,2630,2555,2610,9183,0.013592233009708687
2015-05-11,2610,2644,2580,2610,21273,0.0
2015-05-12,2650,2720,2620,2700,20249,0.034482758620689724
2015-05-13,2710,2895,2710,2840,51082,0.051851851851851816
2015-05-14,2820,2910,2809,2865,22950,0.008802816901408494
2015-05-15,2849,2920,2805,2865,13436,0.0
2015-05-18,2850,2850,2745,2800,15607,-0.022687609075043635
2015-05-19,2780,2880,2760,2850,15467,0.017857142857142794
2015-05-20,2880,2935,2844,2930,43159,0.02807017543859658
2015-05-21,2935,3000,2880,2980,24982,0.017064846416382284
2015-05-22,3010,3020,2940,2980,12841,0.0
2015-05-26,2955,2960,2889,2905,14231,-0.025167785234899376
2015-05-27,2904,2910,2820,2850,6844,-0.018932874354561147
2015-05-28,2840,2890,2815,2850,8628,0.0
2015-05-29,2834,2885,2825,2830,4847,-0.007017543859649145
2015-06-01,2805,2840,2800,2840,5279,0.0035335689045936647
2015-06-02,2815,2920,2815,2835,9216,-0.0017605633802817433
2015-06-03,2834,2885,2800,2830,10495,-0.0017636684303351524
2015-06-04,2870,2900,2810,2900,8209,0.02473498233215543
2015-06-05,2840,2865,2809,2825,10020,-0.025862068965517238
2015-06-08,2784,2800,2670,2730,9026,-0.03362831858407078
2015-06-09,2730,2790,2705,2790,5481,0.0219780219780219
2015-06-10,2800,2850,2760,2850,23228,0.021505376344086002
2015-06-11,2860,2885,2820,2885,4432,0.012280701754386003
2015-06-12,2885,2890,2820,2860,8028,-0.008665511265164683
2015-06-15,2860,2860,2815,2835,4871,-0.00874125874125875
2015-06-16,2785,2825,2745,2790,9288,-0.015873015873015928
2015-06-17,2770,2820,2750,2790,11577,0.0
2015-06-18,2790,2845,2760,2800,10398,0.0035842293906809264
2015-06-19,2840,2930,2804,2930,22255,0.046428571428571486
2015-06-22,2985,2985,2900,2925,19210,-0.0017064846416382506
2015-06-23,2955,2955,2880,2900,13026,-0.008547008547008517
2015-06-24,2915,2960,2880,2905,16964,0.0017241379310344307
2015-06-25,2925,2925,2875,2905,24448,0.0
2015-06-26,2930,2934,2870,2870,15681,-0.012048192771084376
2015-06-29,2860,2875,2829,2835,10908,-0.012195121951219523
2015-06-30,2830,2865,2805,2840,16000,0.0017636684303350414
2015-07-01,2830,2960,2824,2850,28524,0.0035211267605634866
2015-07-02,2855,2870,2835,2850,16518,0.0
2015-07-03,2890,2900,2850,2895,5744,0.015789473684210575
2015-07-06,2855,2895,2825,2895,9797,0.0
2015-07-07,2900,2900,2800,2810,15354,-0.029360967184801412
2015-07-08,2795,2795,2745,2760,8519,-0.017793594306049876
2015-07-09,2725,2790,2700,2790,5972,0.010869565217391353
2015-07-10,2790,2835,2775,2805,1145,0.005376344086021501
2015-07-13,2770,2840,2770,2835,4490,0.010695187165775444
2015-07-14,2840,2840,2784,2810,10596,-0.00881834215167554
2015-07-15,2780,2845,2775,2840,4974,0.01067615658362997
2015-07-16,2845,3050,2810,3015,26483,0.06161971830985924
2015-07-17,3015,3015,2950,2970,7665,-0.014925373134328401
2015-07-20,2985,2985,2855,2920,12427,-0.01683501683501687
2015-07-21,2920,2980,2885,2955,6329,0.011986301369863117
2015-07-22,2969,2969,2885,2945,7552,-0.0033840947546531774
2015-07-23,2970,2970,2835,2920,12485,-0.008488964346349714
2015-07-24,2915,2920,2845,2900,9758,-0.006849315068493178
2015-07-27,2920,2920,2860,2890,3830,-0.0034482758620689724
2015-07-28,2864,2890,2855,2890,6214,0.0
2015-07-29,2920,2920,2820,2820,7916,-0.02422145328719727
2015-07-30,2860,2860,2760,2805,5072,-0.005319148936170248
2015-07-31,2800,2830,2720,2800,5395,-0.0017825311942959443
2015-08-03,2800,2840,2700,2770,5753,-0.010714285714285676
2015-08-04,2760,2784,2695,2730,13913,-0.014440433212996373
2015-08-05,2735,2830,2700,2740,14300,0.00366300366300365
2015-08-06,2740,2775,2720,2775,7178,0.012773722627737127
2015-08-07,2750,2825,2750,2790,4963,0.00540540540540535
2015-08-10,2765,2860,2749,2815,6721,0.008960573476702427
2015-08-11,2815,2845,2780,2800,8899,-0.005328596802841923
2015-08-12,2800,2800,2665,2710,7631,-0.03214285714285714
2015-08-13,2680,2725,2640,2695,6296,-0.005535055350553542
2015-08-17,2655,2735,2600,2690,8101,-0.0018552875695733162
2015-08-18,2700,2700,2620,2620,7296,-0.026022304832713727
2015-08-19,2644,2644,2490,2610,8436,-0.003816793893129722
2015-08-20,2620,2649,2540,2645,11002,0.013409961685823646
2015-08-21,2520,2645,2520,2590,7371,-0.020793950850661602
2015-08-24,2410,2660,2410,2660,10656,0.027027027027026973
2015-08-25,2625,2630,2510,2580,8627,-0.03007518796992481
2015-08-26,2530,2605,2515,2555,6038,-0.009689922480620172
2015-08-27,2615,2615,2555,2575,5224,0.007827788649706457
2015-08-28,2540,2585,2540,2565,5129,-0.003883495145631022
2015-08-31,2545,2580,2520,2570,6898,0.0019493177387914784
2015-09-01,2535,2580,2520,2575,3708,0.0019455252918287869
2015-09-02,2580,2580,2495,2520,4147,-0.021359223300970842
2015-09-03,2545,2585,2500,2560,4210,0.015873015873015817
2015-09-04,2575,2585,2490,2505,6765,-0.021484375
2015-09-07,2550,2550,2455,2475,3930,-0.0119760479041916
2015-09-08,2510,2510,2425,2470,2453,-0.002020202020202033
2015-09-09,2500,2500,2445,2465,8471,-0.002024291497975672
2015-09-10,2515,2515,2445,2470,7115,0.0020283975659229903
2015-09-11,2495,2505,2470,2500,3336,0.012145748987854255
2015-09-14,2500,2505,2475,2485,2865,-0.006000000000000005
2015-09-15,2475,2535,2475,2515,7513,0.012072434607645954
2015-09-16,2530,2565,2505,2560,3086,0.017892644135188762
2015-09-17,2560,2600,2535,2580,3220,0.0078125
2015-09-18,2600,2605,2550,2600,2683,0.007751937984496138
2015-09-21,2600,2610,2540,2610,816,0.0038461538461538325
2015-09-22,2610,2610,2535,2580,3334,-0.011494252873563204
2015-09-23,2585,2585,2495,2520,5504,-0.023255813953488413
2015-09-24,2520,2530,2480,2495,6046,-0.009920634920634885
2015-09-25,2535,2535,2485,2500,4715,0.002004008016031955
2015-09-30,2510,2530,2465,2500,1801,0.0
2015-10-01,2500,2510,2490,2495,5380,-0.0020000000000000018
2015-10-02,2495,2540,2485,2540,7467,0.018036072144288484
2015-10-05,2520,2605,2520,2605,12888,0.025590551181102317
2015-10-06,2605,2620,2565,2570,7088,-0.013435700575815779
2015-10-07,2620,2620,2555,2605,2216,0.013618677042801508
2015-10-08,2615,2615,2565,2605,2637,0.0
2015-10-12,2625,2650,2550,2615,3219,0.0038387715930903177
2015-10-13,2635,2635,2530,2545,5079,-0.026768642447418722
2015-10-14,2530,2560,2510,2550,3474,0.0019646365422396617
2015-10-15,2560,2560,2465,2475,21433,-0.02941176470588236
2015-10-16,2485,2485,2420,2460,12970,-0.0060606060606061
2015-10-19,2465,2465,2425,2435,5826,-0.010162601626016232
2015-10-20,2450,2460,2340,2370,26463,-0.026694045174537995
2015-10-21,2380,2410,2300,2340,31474,-0.012658227848101222
2015-10-22,2350,2350,2315,2320,9027,-0.008547008547008517
2015-10-23,2320,2345,2310,2320,6627,0.0
2015-10-26,2320,2360,2320,2330,13504,0.004310344827586299
2015-10-27,2315,2345,2290,2320,12002,-0.0042918454935622075
2015-10-28,2320,2330,2205,2250,57101,-0.030172413793103425
2015-10-29,2245,2255,2225,2245,7310,-0.0022222222222222365
2015-10-30,2245,2255,2210,2250,12502,0.00222717149220486
2015-11-02,2250,2270,2235,2255,5602,0.0022222222222221255
2015-11-03,2235,2290,2235,2275,7199,0.008869179600886845
2015-11-04,2285,2325,2280,2310,11281,0.01538461538461533
2015-11-05,2315,2320,2250,2255,14160,-0.023809523809523836
2015-11-06,2265,2270,2240,2260,7170,0.0022172949002217113
2015-11-09,2275,2285,2240,2245,6077,-0.006637168141592875
2015-11-10,2230,2230,2180,2200,21885,-0.020044543429844075
2015-11-11,2165,2210,2165,2205,6104,0.002272727272727204
2015-11-12,2210,2270,2170,2270,5363,0.02947845804988658
2015-11-13,2230,2260,2215,2250,4139,-0.008810572687224627
2015-11-16,2220,2230,2180,2220,5217,-0.013333333333333308
2015-11-17,2220,2260,2205,2260,5813,0.018018018018018056
2015-11-18,2260,2260,2215,2215,4892,-0.019911504424778736
2015-11-19,2205,2250,2205,2215,3909,0.0
2015-11-20,2225,2255,2210,2245,5598,0.013544018058690765
2015-11-23,2240,2255,2210,2235,4550,-0.0044543429844098315
2015-11-24,2240,2250,2220,2230,2711,-0.0022371364653244186
2015-11-25,2230,2270,2210,2265,7977,0.015695067264573925
2015-11-26,2265,2280,2245,2280,5330,0.0066225165562914245
2015-11-27,2280,2280,2265,2275,3253,-0.002192982456140302
2015-11-30,2275,2275,2225,2225,7436,-0.02197802197802201
2015-12-01,2205,2250,2205,2240,7235,0.006741573033707926
2015-12-02,2250,2255,2225,2230,8775,-0.004464285714285698
2015-12-03,2235,2235,2195,2195,15013,-0.015695067264574036
2015-12-04,2190,2195,2105,2160,24129,-0.015945330296127547
2015-12-07,2145,2155,2120,2130,10961,-0.01388888888888884
2015-12-08,2130,2130,2010,2050,35484,-0.03755868544600938
2015-12-09,2060,2100,2015,2025,23769,-0.012195121951219523
2015-12-10,2024,2044,1995,2045,9192,0.009876543209876631
2015-12-11,2040,2044,2010,2045,5927,0.0
2015-12-14,2034,2050,2000,2015,6863,-0.014669926650366705
2015-12-15,2015,2030,2000,2020,5253,0.002481389578163684
2015-12-16,2040,2050,2015,2025,9644,0.0024752475247524774
2015-12-17,2025,2040,1980,2020,13909,-0.0024691358024691024
2015-12-18,2010,2040,2000,2005,9441,-0.007425742574257432
2015-12-21,2010,2020,1990,2005,11259,0.0
2015-12-22,2010,2024,1990,2005,14383,0.0
2015-12-23,2014,2045,2000,2015,25162,0.004987531172069737
2015-12-24,2025,2040,2000,2020,16024,0.002481389578163684
2015-12-28,2020,2020,2005,2010,8296,-0.004950495049504955
2015-12-29,2000,2004,1980,1985,22822,-0.01243781094527363
2015-12-30,1994,2020,1980,2015,10991,0.015113350125944613
2016-01-04,2020,2020,2000,2010,4921,-0.002481389578163795
2016-01-05,1980,2014,1974,1995,6972,-0.007462686567164201
2016-01-06,2010,2030,1980,2000,12437,0.0025062656641603454
2016-01-07,1990,2045,1990,2015,22131,0.007500000000000062
2016-01-08,2020,2030,1975,2020,14094,0.002481389578163684
2016-01-11,2020,2080,2004,2065,12186,0.022277227722772297
2016-01-12,2080,2130,2045,2120,19900,0.026634382566586012
2016-01-13,2145,2235,2130,2230,36694,0.05188679245283012
2016-01-14,2230,2285,2170,2200,26786,-0.013452914798206317
2016-01-15,2185,2205,2160,2190,12310,-0.004545454545454519
2016-01-18,2215,2260,2175,2230,22780,0.0182648401826484
2016-01-19,2250,2260,2205,2235,17178,0.0022421524663676085
2016-01-20,2255,2310,2210,2240,23411,0.0022371364653244186
2016-01-21,2230,2235,2180,2200,13029,-0.017857142857142905
2016-01-22,2230,2230,2150,2205,8071,0.002272727272727204
2016-01-25,2235,2235,2205,2225,4475,0.009070294784580435
2016-01-26,2220,2230,2190,2195,6005,-0.013483146067415741
2016-01-27,2220,2230,2195,2230,5897,0.015945330296127658
2016-01-28,2195,2230,2190,2220,10123,-0.004484304932735439
2016-01-29,2230,2300,2230,2270,23944,0.022522522522522515
2016-02-01,2310,2340,2275,2330,17237,0.026431718061673992
2016-02-02,2290,2380,2290,2380,11172,0.02145922746781115
2016-02-03,2365,2380,2340,2380,5964,0.0
2016-02-04,2400,2410,2375,2400,8050,0.008403361344537785
2016-02-05,2380,2380,2350,2380,5269,-0.008333333333333304
2016-02-11,2350,2350,2280,2330,8611,-0.021008403361344574
2016-02-12,2335,2335,2250,2300,18882,-0.012875536480686733
2016-02-15,2300,2350,2265,2265,9208,-0.01521739130434785
2016-02-16,2265,2300,2200,2270,16759,0.002207505518763808
2016-02-17,2225,2300,2225,2295,8610,0.011013215859030812
2016-02-18,2255,2315,2255,2310,13625,0.006535947712418277
2016-02-19,2315,2430,2300,2430,21058,0.051948051948051965
2016-02-22,2430,2435,2390,2435,31026,0.002057613168724215
2016-02-23,2440,2465,2405,2460,12933,0.010266940451745477
2016-02-24,2460,2490,2440,2490,9281,0.012195121951219523
2016-02-25,2490,2490,2455,2490,6217,0.0
2016-02-26,2490,2490,2435,2490,7784,0.0
2016-02-29,2500,2545,2480,2545,11785,0.02208835341365467
2016-03-02,2545,2545,2490,2490,6949,-0.0216110019646365
2016-03-03,2480,2480,2410,2440,14385,-0.02008032128514059
2016-03-04,2440,2440,2360,2415,13378,-0.010245901639344246
2016-03-07,2415,2430,2385,2405,5201,-0.0041407867494823725
2016-03-08,2410,2460,2395,2460,11638,0.022869022869022926
2016-03-09,2400,2455,2385,2445,6323,-0.0060975609756097615
2016-03-10,2445,2490,2370,2370,11520,-0.030674846625766916
2016-03-11,2375,2400,2300,2380,17623,0.00421940928270037
2016-03-14,2345,2405,2330,2405,5277,0.010504201680672232
2016-03-15,2400,2425,2345,2395,6340,-0.004158004158004158
2016-03-16,2400,2400,2320,2330,19292,-0.02713987473903967
2016-03-17,2335,2360,2320,2350,7648,0.008583690987124415
2016-03-18,2355,2445,2355,2425,11220,0.03191489361702127
2016-03-21,2385,2435,2385,2415,7981,-0.004123711340206171
2016-03-22,2415,2415,2365,2400,5302,-0.006211180124223614
2016-03-23,2385,2430,2380,2395,4792,-0.002083333333333326
2016-03-24,2370,2420,2370,2395,2323,0.0
2016-03-25,2395,2415,2370,2415,949,0.008350730688935215
2016-03-28,2375,2410,2370,2375,1967,-0.0165631469979296
2016-03-29,2350,2400,2350,2395,2208,0.008421052631578885
2016-03-30,2405,2425,2365,2385,5584,-0.0041753653444676075
2016-03-31,2410,2420,2340,2415,8297,0.012578616352201255
2016-04-01,2410,2470,2410,2470,6082,0.022774327122153215
2016-04-04,2420,2470,2420,2460,527,-0.004048582995951455
2016-04-05,2450,2470,2390,2450,5702,-0.004065040650406471
2016-04-06,2450,2465,2395,2455,5138,0.0020408163265306367
2016-04-07,2460,2460,2400,2410,2664,-0.018329938900203624
2016-04-08,2385,2425,2330,2380,22763,-0.012448132780082943
2016-04-11,2335,2380,2325,2325,8240,-0.02310924369747902
2016-04-12,2320,2325,2290,2320,11537,-0.0021505376344086446
2016-04-14,2350,2350,2310,2335,5380,0.006465517241379226
2016-04-15,2330,2365,2310,2340,11683,0.0021413276231263545
2016-04-18,2330,2330,2270,2325,22800,-0.0064102564102563875
2016-04-19,2285,2345,2265,2340,9823,0.006451612903225712
2016-04-20,2335,2335,2290,2330,8168,-0.004273504273504258
2016-04-21,2340,2340,2295,2320,6550,-0.0042918454935622075
2016-04-22,2300,2310,2280,2310,10885,-0.004310344827586188
2016-04-25,2305,2305,2260,2270,16459,-0.017316017316017285
2016-04-26,2270,2285,2200,2235,13182,-0.01541850220264318
2016-04-27,2235,2245,2175,2190,15625,-0.020134228187919434
2016-04-28,2190,2455,2120,2145,39898,-0.020547945205479423
2016-04-29,2145,2190,2120,2190,16522,0.020979020979021046
2016-05-02,2200,2200,2125,2140,12711,-0.022831050228310557
2016-05-03,2140,2195,2140,2195,12319,0.025700934579439227
2016-05-04,2215,2215,2120,2135,22857,-0.02733485193621865
2016-05-09,2140,2145,2110,2145,7062,0.004683840749414525
2016-05-10,2130,2160,2130,2160,2024,0.006993006993007089
2016-05-11,2160,2235,2150,2220,11847,0.02777777777777768
2016-05-12,2220,2260,2220,2255,8098,0.015765765765765716
2016-05-13,2255,2325,2255,2300,7440,0.019955654101995624
2016-05-16,2300,2300,2240,2255,18730,-0.019565217391304346
2016-05-17,2305,2305,2250,2275,7373,0.008869179600886845
2016-05-18,2300,2350,2270,2350,18489,0.03296703296703307
2016-05-19,2290,2450,2290,2450,22742,0.042553191489361764
2016-05-20,2405,2480,2390,2480,33886,0.012244897959183598
2016-05-23,2480,2480,2410,2445,4937,-0.014112903225806495
2016-05-24,2405,2455,2395,2455,11380,0.004089979550102152
2016-05-25,2455,2455,2430,2435,4496,-0.008146639511201648
2016-05-26,2455,2455,2395,2410,2162,-0.010266940451745366
2016-05-27,2400,2435,2390,2415,2144,0.0020746887966804906
2016-05-30,2435,2435,2380,2415,5634,0.0
2016-05-31,2410,2425,2370,2370,9760,-0.018633540372670843
2016-06-01,2350,2390,2315,2365,7245,-0.002109704641350185
2016-06-02,2385,2415,2315,2415,12077,0.02114164904862581
2016-06-03,2415,2415,2355,2395,3477,-0.008281573498964856
2016-06-07,2395,2400,2355,2355,2405,-0.01670146137787054
2016-06-08,2350,2350,2280,2295,13497,-0.02547770700636942
2016-06-09,2320,2350,2235,2340,16961,0.019607843137254832
2016-06-10,2285,2345,2285,2345,1766,0.002136752136752129
2016-06-13,2290,2340,2280,2320,2129,-0.010660980810234588
2016-06-14,2300,2320,2280,2290,1303,-0.012931034482758674
2016-06-15,2340,2340,2280,2300,4852,0.004366812227074135
2016-06-16,2425,2570,2290,2390,53210,0.03913043478260869
2016-06-17,2390,2390,2295,2330,8219,-0.025104602510460206
2016-06-20,2310,2400,2310,2400,5816,0.030042918454935563
2016-06-21,2355,2400,2315,2370,4985,-0.012499999999999956
2016-06-22,2370,2425,2365,2415,7210,0.018987341772152
2016-06-23,2370,2440,2370,2410,2277,-0.0020703933747412417
2016-06-24,2435,2435,2260,2400,6837,-0.004149377593360981
2016-06-27,2370,2370,2260,2300,8910,-0.04166666666666663
2016-06-28,2270,2320,2230,2305,7194,0.0021739130434783593
2016-06-29,2310,2310,2215,2280,29126,-0.010845986984815648
2016-06-30,2285,2330,2255,2330,5143,0.021929824561403466
2016-07-01,2330,2390,2270,2365,3793,0.015021459227467782
2016-07-04,2330,2375,2330,2370,5751,0.0021141649048626032
2016-07-05,2330,2380,2330,2380,5445,0.00421940928270037
2016-07-06,2380,2390,2350,2380,16249,0.0
2016-07-07,2380,2455,2355,2450,20230,0.02941176470588225
2016-07-08,2450,2455,2410,2455,19148,0.0020408163265306367
2016-07-11,2435,2460,2420,2460,27236,0.0020366598778003286
2016-07-12,2465,2510,2460,2505,16212,0.018292682926829285
2016-07-13,2505,2505,2430,2470,4022,-0.013972055888223589
2016-07-14,2480,2485,2400,2475,9483,0.002024291497975783
2016-07-15,2430,2435,2390,2390,9365,-0.03434343434343434
2016-07-18,2400,2420,2360,2410,3642,0.008368200836819994
2016-07-19,2410,2410,2375,2410,589,0.0
2016-07-20,2415,2545,2415,2500,26087,0.03734439834024905
2016-07-21,2500,2545,2475,2500,7067,0.0
2016-07-22,2500,2500,2455,2495,4172,-0.0020000000000000018
2016-07-25,2515,2550,2480,2530,4519,0.014028056112224352
2016-07-26,2480,2545,2480,2545,10939,0.005928853754940677
2016-07-27,2530,2545,2485,2545,14053,0.0
2016-07-28,2510,2570,2505,2560,3712,0.005893909626718985
2016-07-29,2540,2590,2510,2555,7995,-0.001953125
2016-08-01,2555,2560,2505,2520,1824,-0.013698630136986356
2016-08-02,2505,2520,2485,2515,3812,-0.001984126984126977
2016-08-03,2510,2510,2465,2490,1325,-0.00994035785288272
2016-08-04,2520,2520,2460,2520,2149,0.012048192771084265
2016-08-05,2525,2550,2495,2515,586,-0.001984126984126977
2016-08-08,2520,2520,2460,2505,916,-0.003976143141153132
2016-08-09,2525,2525,2465,2505,1504,0.0
2016-08-10,2505,2530,2420,2500,15912,-0.001996007984031989
2016-08-11,2480,2520,2460,2500,1454,0.0
2016-08-12,2495,2500,2455,2500,4042,0.0
2016-08-16,2455,2495,2450,2480,4619,-0.008000000000000007
2016-08-17,2445,2505,2445,2500,5160,0.008064516129032251
2016-08-18,2460,2530,2460,2510,4906,0.0040000000000000036
2016-08-19,2500,2540,2490,2500,7402,-0.003984063745019917
2016-08-22,2485,2520,2455,2455,10253,-0.018000000000000016
2016-08-23,2440,2485,2415,2430,5439,-0.010183299389002087
2016-08-24,2450,2470,2425,2470,4161,0.016460905349794164
2016-08-25,2470,2480,2410,2470,6828,0.0
2016-08-26,2485,2485,2410,2460,4537,-0.004048582995951455
2016-08-29,2425,2460,2400,2460,3378,0.0
2016-08-30,2425,2450,2400,2405,5694,-0.022357723577235755
2016-08-31,2425,2425,2345,2385,2235,-0.008316008316008316
2016-09-01,2395,2460,2355,2460,7865,0.03144654088050314
2016-09-02,2390,2440,2390,2410,2640,-0.020325203252032575
2016-09-05,2400,2450,2375,2445,4871,0.014522821576763434
2016-09-06,2465,2465,2410,2420,2988,-0.010224948875255602
2016-09-07,2450,2450,2400,2435,648,0.006198347107438051
2016-09-08,2405,2420,2380,2420,3864,-0.006160164271047264
2016-09-09,2425,2435,2375,2420,333,0.0
2016-09-12,2350,2410,2350,2400,4155,-0.008264462809917328
2016-09-13,2400,2410,2360,2385,83,-0.006249999999999978
2016-09-19,2370,2370,2330,2365,3102,-0.008385744234800874
2016-09-20,2330,2350,2305,2320,7541,-0.019027484143763207
2016-09-21,2375,2375,2310,2350,2767,0.012931034482758674
2016-09-22,2340,2435,2335,2435,1868,0.036170212765957555
2016-09-23,2425,2435,2370,2410,3919,-0.010266940451745366
2016-09-26,2400,2465,2385,2465,9093,0.022821576763485396
2016-09-27,2465,2465,2410,2460,736,-0.0020283975659228792
2016-09-28,2470,2475,2420,2450,234,-0.004065040650406471
2016-09-29,2450,2450,2415,2430,440,-0.008163265306122436
2016-09-30,2400,2425,2375,2380,1619,-0.020576131687242816
2016-10-04,2380,2380,2355,2360,536,-0.008403361344537785
2016-10-05,2330,2390,2330,2390,2103,0.012711864406779627
2016-10-06,2390,2390,2355,2385,1648,-0.0020920502092049986
2016-10-07,2360,2430,2355,2425,2964,0.016771488469601747
2016-10-10,2370,2415,2370,2400,832,-0.010309278350515427
2016-10-11,2355,2420,2355,2390,2984,-0.004166666666666652
2016-10-12,2365,2415,2360,2395,851,0.0020920502092049986
2016-10-13,2405,2405,2355,2380,1873,-0.006263048016701411
2016-10-14,2355,2420,2355,2380,287,0.0
2016-10-17,2355,2400,2355,2380,2121,0.0
2016-10-18,2360,2395,2335,2395,4056,0.006302521008403339
2016-10-19,2360,2430,2360,2400,4886,0.0020876826722338038
2016-10-20,2365,2450,2365,2410,4611,0.004166666666666652
2016-10-21,2395,2410,2355,2400,5679,-0.004149377593360981
2016-10-24,2365,2400,2345,2350,11475,-0.02083333333333337
2016-10-25,2360,2360,2320,2350,2124,0.0
2016-10-26,2330,2350,2255,2315,15460,-0.014893617021276562
2016-10-27,2335,2400,2325,2400,3008,0.036717062634989306
2016-10-28,2385,2545,2375,2410,274716,0.004166666666666652
2016-10-31,2375,2425,2375,2405,2185,-0.0020746887966804906
2016-11-01,2410,2410,2390,2390,1777,-0.006237006237006182
2016-11-02,2445,2445,2350,2390,1380,0.0
2016-11-03,2390,2430,2370,2430,305,0.01673640167364021
2016-11-04,2400,2400,2315,2375,7931,-0.02263374485596703
2016-11-07,2355,2375,2315,2320,7827,-0.023157894736842155
2016-11-08,2330,2340,2295,2300,25046,-0.008620689655172376
2016-11-09,2310,2310,2170,2300,6582,0.0
2016-11-10,2310,2325,2295,2300,3206,0.0
2016-11-11,2330,2360,2280,2360,2165,0.026086956521739202
2016-11-14,2360,2360,2305,2340,3053,-0.008474576271186418
2016-11-15,2400,2445,2370,2375,21321,0.014957264957264904
2016-11-16,2420,2420,2345,2395,6113,0.008421052631578885
2016-11-17,2395,2430,2360,2365,20923,-0.012526096033402934
2016-11-18,2365,2380,2320,2330,6521,-0.014799154334038
2016-11-21,2365,2380,2310,2360,5549,0.012875536480686733
2016-11-22,2375,2375,2330,2360,3942,0.0
2016-11-23,2360,2375,2305,2350,4270,-0.004237288135593209
2016-11-24,2365,2365,2320,2355,4578,0.0021276595744681437
2016-11-25,2355,2360,2320,2345,2175,-0.00424628450106157
2016-11-28,2335,2360,2310,2360,1742,0.006396588486140775
2016-11-29,2360,2450,2345,2430,7437,0.029661016949152463
2016-11-30,2460,2470,2385,2420,22020,-0.004115226337448541
2016-12-01,2420,2475,2420,2435,2035,0.006198347107438051
2016-12-02,2435,2435,2360,2395,3369,-0.01642710472279263
2016-12-05,2420,2420,2360,2415,3297,0.008350730688935215
2016-12-06,2395,2415,2345,2350,7992,-0.026915113871635588
2016-12-07,2360,2385,2330,2375,5023,0.010638297872340496
2016-12-08,2385,2395,2355,2385,856,0.004210526315789442
2016-12-09,2405,2405,2340,2355,723,-0.012578616352201255
2016-12-12,2395,2395,2355,2395,1341,0.01698513800424628
2016-12-13,2405,2420,2365,2420,4184,0.010438413361169019
2016-12-14,2430,2430,2360,2415,2542,-0.0020661157024793875
2016-12-15,2375,2415,2365,2400,1674,-0.006211180124223614
2016-12-16,2425,2425,2360,2385,4326,-0.006249999999999978
2016-12-19,2360,2405,2360,2405,1651,0.008385744234800763
2016-12-20,2425,2425,2385,2400,2271,-0.0020790020790020236
2016-12-21,2400,2415,2370,2415,3588,0.006250000000000089
2016-12-22,2415,2415,2400,2410,2964,-0.0020703933747412417
2016-12-23,2385,2440,2385,2430,1895,0.008298755186721962
2016-12-26,2400,2470,2400,2435,4463,0.002057613168724215
2016-12-27,2470,2470,2430,2450,2208,0.006160164271047153
2016-12-28,2470,2480,2400,2400,2364,-0.020408163265306145
2016-12-29,2400,2430,2375,2400,1566,0.0
2017-01-02,2400,2400,2365,2375,1975,-0.01041666666666663
2017-01-03,2390,2390,2350,2375,2582,0.0
2017-01-04,2350,2370,2335,2340,3702,-0.01473684210526316
2017-01-05,2335,2360,2330,2350,3912,0.004273504273504258
2017-01-06,2350,2355,2335,2350,2532,0.0
2017-01-09,2340,2345,2335,2335,2296,-0.006382978723404209
2017-01-10,2335,2350,2310,2350,6757,0.0064239828693790635
2017-01-11,2345,2345,2310,2330,3575,-0.008510638297872353
2017-01-12,2335,2335,2280,2300,6606,-0.012875536480686733
2017-01-13,2300,2325,2290,2320,4844,0.008695652173912993
2017-01-16,2300,2310,2280,2310,3378,-0.004310344827586188
2017-01-17,2280,2315,2275,2305,5169,-0.0021645021645021467
2017-01-18,2275,2305,2275,2300,4253,-0.002169197396963085
2017-01-19,2290,2305,2290,2295,2917,-0.0021739130434782483
2017-01-20,2295,2310,2290,2310,3693,0.006535947712418277
2017-01-23,2310,2345,2310,2320,4188,0.0043290043290042934
2017-01-24,2315,2320,2275,2315,2756,-0.0021551724137931494
2017-01-25,2280,2330,2250,2305,11407,-0.004319654427645814
2017-01-26,2270,2305,2270,2305,4255,0.0
2017-01-31,2300,2310,2265,2300,9032,-0.002169197396963085
2017-02-01,2275,2305,2265,2295,2681,-0.0021739130434782483
2017-02-02,2295,2300,2270,2270,4280,-0.01089324618736387
2017-02-03,2280,2480,2280,2340,14428,0.03083700440528636
2017-02-06,2365,2385,2345,2385,17229,0.019230769230769162
2017-02-07,2400,2400,2325,2335,7265,-0.02096436058700213
2017-02-08,2320,2335,2300,2325,5061,-0.004282655246252709
2017-02-09,2325,2360,2295,2360,3747,0.01505376344086029
2017-02-10,2325,2355,2325,2330,3927,-0.012711864406779627
2017-02-13,2330,2330,2295,2300,7229,-0.012875536480686733
2017-02-14,2300,2320,2285,2300,6271,0.0
2017-02-15,2295,2355,2290,2355,5519,0.023913043478260843
2017-02-16,2360,2365,2335,2365,2802,0.00424628450106157
2017-02-17,2375,2390,2360,2390,5367,0.010570824524312794
2017-02-20,2395,2395,2335,2365,3330,-0.010460251046025104
2017-02-21,2335,2395,2335,2390,4973,0.010570824524312794
2017-02-22,2390,2390,2340,2380,3677,-0.004184100418409997
2017-02-23,2380,2395,2360,2375,4743,-0.0021008403361344463
2017-02-24,2375,2395,2365,2380,5620,0.002105263157894832
2017-02-27,2380,2415,2380,2405,7450,0.010504201680672232
2017-02-28,2415,2475,2405,2465,12805,0.02494802494802495
2017-03-02,2470,2485,2400,2430,5339,-0.014198782961460488
2017-03-03,2430,2430,2390,2410,2635,-0.008230452674897082
2017-03-06,2375,2440,2370,2425,4084,0.006224066390041472
2017-03-07,2425,2455,2425,2440,3781,0.006185567010309256
2017-03-08,2445,2480,2425,2445,6769,0.002049180327868827
2017-03-09,2420,2440,2400,2410,989,-0.014314928425357865
2017-03-10,2380,2460,2380,2430,4261,0.008298755186721962
2017-03-13,2420,2435,2420,2435,1038,0.002057613168724215
2017-03-14,2425,2440,2410,2435,1576,0.0
2017-03-15,2430,2450,2405,2435,2526,0.0
2017-03-16,2480,2480,2410,2445,8909,0.004106776180698102
2017-03-17,2435,2440,2420,2440,4662,-0.002044989775051076
2017-03-20,2440,2440,2390,2435,3312,-0.002049180327868827
2017-03-21,2440,2440,2405,2430,4155,-0.002053388090349051
2017-03-22,2380,2460,2380,2450,4011,0.008230452674897082
2017-03-23,2415,2450,2415,2440,2373,-0.004081632653061273
2017-03-24,2440,2450,2430,2445,8968,0.002049180327868827
2017-03-27,2445,2445,2390,2420,3817,-0.010224948875255602
2017-03-28,2425,2445,2390,2445,4273,0.010330578512396604
2017-03-29,2435,2445,2405,2430,422,-0.006134969325153339
2017-03-30,2425,2440,2420,2440,1591,0.004115226337448652
2017-03-31,2430,2470,2415,2470,2754,0.012295081967213184
2017-04-03,2485,2490,2450,2470,1612,0.0
2017-04-04,2490,2490,2435,2475,4112,0.002024291497975783
2017-04-05,2475,2485,2410,2465,8109,-0.004040404040404066
2017-04-06,2415,2480,2415,2480,5544,0.006085192697768749
2017-04-07,2490,2495,2455,2475,2468,-0.0020161290322581182
2017-04-10,2470,2500,2405,2455,3610,-0.008080808080808133
2017-04-11,2415,2470,2415,2455,3657,0.0
2017-04-12,2430,2485,2420,2465,4302,0.004073319755600879
2017-04-13,2490,2490,2450,2475,6005,0.0040567951318457585
2017-04-14,2485,2485,2430,2485,4949,0.004040404040404066
2017-04-17,2490,2515,2475,2495,9311,0.004024144869215318
2017-04-18,2510,2530,2480,2530,9565,0.014028056112224352
2017-04-19,2535,2545,2515,2545,2177,0.005928853754940677
2017-04-20,2545,2550,2515,2540,1421,-0.0019646365422396617
2017-04-21,2500,2525,2480,2490,5029,-0.019685039370078705
2017-04-24,2490,2510,2470,2485,5350,-0.002008032128514081
2017-04-25,2480,2510,2450,2510,5385,0.010060362173038184
2017-04-26,2520,2540,2505,2530,4704,0.007968127490039834
2017-04-27,2495,2540,2495,2515,2043,-0.005928853754940677
2017-04-28,2510,2550,2510,2550,4486,0.013916500994035852
2017-05-02,2555,2555,2515,2545,3862,-0.0019607843137254832
2017-05-04,2545,2545,2530,2535,578,-0.003929273084479323
2017-05-08,2515,2540,2505,2540,4271,0.0019723865877712132
2017-05-10,2520,2555,2510,2510,4172,-0.011811023622047223
2017-05-11,2505,2525,2460,2515,7886,0.0019920318725099584
2017-05-12,2475,2520,2475,2510,3028,-0.001988071570576566
2017-05-15,2470,2520,2470,2500,3644,-0.003984063745019917
2017-05-16,2480,2500,2450,2480,5881,-0.008000000000000007
2017-05-17,2485,2485,2450,2460,4244,-0.008064516129032251
2017-05-18,2460,2480,2430,2430,4808,-0.012195121951219523
2017-05-19,2495,2515,2450,2480,9182,0.020576131687242816
2017-05-22,2515,2515,2485,2510,4748,0.012096774193548487
2017-05-23,2510,2535,2470,2480,7176,-0.01195219123505975
2017-05-24,2480,2505,2475,2490,6157,0.0040322580645162365
2017-05-25,2505,2550,2485,2540,12789,0.02008032128514059
2017-05-26,2550,2550,2525,2540,4504,0.0
2017-05-29,2550,3200,2535,2580,483162,0.015748031496062964
2017-05-30,2625,2625,2545,2580,70325,0.0
2017-05-31,2585,2675,2580,2640,68686,0.023255813953488413
2017-06-01,2640,2740,2629,2735,55171,0.0359848484848484
2017-06-02,2775,2775,2700,2720,41866,-0.005484460694698323
2017-06-05,2755,2755,2670,2685,39064,-0.012867647058823484
2017-06-07,2685,2775,2640,2735,51049,0.01862197392923659
2017-06-08,2770,2770,2705,2740,23993,0.001828153564899404
2017-06-09,2720,2785,2715,2760,18477,0.007299270072992803
2017-06-12,2760,2780,2705,2780,14681,0.007246376811594235
2017-06-13,2780,2915,2749,2915,58072,0.04856115107913661
2017-06-14,2915,2940,2825,2880,43250,-0.012006861063464824
2017-06-15,2880,2885,2785,2815,21666,-0.02256944444444442
2017-06-16,2815,2820,2740,2805,12103,-0.003552397868561319
2017-06-19,2790,2849,2790,2805,11756,0.0
2017-06-20,2820,2820,2720,2730,21252,-0.0267379679144385
2017-06-21,2715,2735,2685,2705,4122,-0.009157509157509125
2017-06-22,2750,2750,2630,2680,11233,-0.009242144177449174
2017-06-23,2680,2715,2670,2705,11915,0.009328358208955168
2017-06-26,2655,2700,2645,2645,14113,-0.02218114602587795
2017-06-27,2640,2700,2640,2690,6763,0.017013232514177634
2017-06-28,2690,2690,2630,2680,7245,-0.0037174721189591198
2017-06-29,2609,2700,2609,2685,6954,0.001865671641791078
2017-06-30,2705,2720,2660,2720,4934,0.013035381750465591
2017-07-03,2735,2735,2685,2695,3697,-0.009191176470588203
2017-07-04,2705,2715,2665,2685,6656,-0.0037105751391465214
2017-07-05,2695,2705,2600,2680,7297,-0.0018621973929237035
2017-07-06,2700,2700,2620,2680,9444,0.0
2017-07-07,2690,2695,2635,2690,5018,0.003731343283582156
2017-07-10,2690,2700,2660,2700,4635,0.0037174721189590088
2017-07-11,2654,2705,2654,2670,2210,-0.011111111111111072
2017-07-12,2655,2700,2655,2695,4683,0.009363295880149725
2017-07-13,2685,2694,2630,2630,7319,-0.024118738404452666
2017-07-14,2695,2695,2624,2650,7328,0.0076045627376426506
2017-07-17,2620,2675,2620,2675,3335,0.009433962264151052
2017-07-18,2675,2735,2664,2730,10669,0.020560747663551426
2017-07-19,2764,2764,2710,2730,5442,0.0
2017-07-20,2740,2740,2720,2730,4451,0.0
2017-07-21,2745,2745,2690,2720,6513,-0.00366300366300365
2017-07-24,2740,2740,2700,2720,4504,0.0
2017-07-25,2709,2709,2650,2675,6451,-0.016544117647058876
2017-07-26,2710,2710,2675,2680,6984,0.0018691588785046953
2017-07-27,2705,2705,2640,2700,6712,0.00746268656716409
2017-07-28,2675,2700,2665,2665,6506,-0.012962962962962954
2017-07-31,2665,2680,2625,2635,6104,-0.011257035647279534
2017-08-01,2635,2680,2610,2675,13218,0.015180265654648917
2017-08-02,2680,2720,2640,2720,9184,0.016822429906542036
2017-08-03,2720,2735,2690,2720,9587,0.0
2017-08-04,2729,2750,2700,2745,7624,0.009191176470588314
2017-08-07,2745,2750,2700,2745,4456,0.0
2017-08-08,2745,2745,2710,2740,4506,-0.0018214936247723523
2017-08-09,2735,2740,2690,2715,5840,-0.009124087591240837
2017-08-10,2715,2715,2615,2700,7678,-0.0055248618784530246
2017-08-11,2700,2700,2590,2590,4373,-0.040740740740740744
2017-08-14,2600,2695,2590,2685,9423,0.03667953667953672
2017-08-16,2655,2745,2650,2735,17973,0.01862197392923659
2017-08-17,2735,2735,2705,2720,4155,-0.005484460694698323
2017-08-18,2720,2730,2670,2670,1175,-0.018382352941176516
2017-08-21,2665,2715,2630,2700,8690,0.011235955056179803
2017-08-22,2709,2709,2675,2695,5973,-0.0018518518518518823
2017-08-23,2700,2704,2684,2690,2938,-0.0018552875695733162
2017-08-24,2700,2700,2640,2690,3092,0.0
2017-08-25,2700,2725,2675,2720,2468,0.011152416356877248
2017-08-28,2715,2725,2665,2720,3906,0.0
2017-08-29,2720,2735,2655,2685,7854,-0.012867647058823484
2017-08-30,2685,2725,2685,2720,3545,0.013035381750465591
2017-08-31,2675,2710,2675,2705,2665,-0.005514705882352922
2017-09-01,2695,2715,2685,2695,6377,-0.003696857670979714
2017-09-04,2605,2700,2605,2685,5439,-0.0037105751391465214
2017-09-05,2685,2710,2645,2700,4381,0.005586592178770999
2017-09-06,2675,2695,2635,2690,5426,-0.0037037037037036535
2017-09-07,2675,2685,2640,2685,3476,-0.0018587360594795044
2017-09-08,2650,2690,2640,2670,4221,-0.005586592178770999
2017-09-11,2670,2680,2635,2680,2830,0.0037453183520599342
2017-09-12,2695,2695,2640,2645,509,-0.013059701492537323
2017-09-13,2640,2674,2630,2670,4898,0.00945179584120992
2017-09-14,2645,2685,2635,2675,10561,0.001872659176029856
2017-09-15,2680,2695,2655,2690,6357,0.005607476635514086
2017-09-18,2689,2689,2550,2565,20315,-0.04646840148698883
2017-09-19,2600,2615,2560,2610,6056,0.01754385964912286
2017-09-20,2610,2610,2530,2590,4005,-0.007662835249042099
2017-09-21,2550,2580,2545,2575,4847,-0.00579150579150578
2017-09-22,2575,2575,2480,2560,12408,-0.005825242718446644
2017-09-25,2570,2595,2465,2490,15991,-0.02734375
2017-09-26,2470,2470,2370,2450,18581,-0.016064257028112428
2017-09-27,2510,2510,2395,2450,11136,0.0
2017-09-28,2410,2500,2410,2500,4968,0.020408163265306145
2017-09-29,2530,2600,2460,2530,4124,0.01200000000000001
2017-10-10,2535,2575,2485,2570,3261,0.015810276679841806
2017-10-11,2575,2600,2530,2595,5018,0.009727626459143934
2017-10-12,2594,2600,2545,2590,3876,-0.0019267822736031004
2017-10-13,2590,2590,2505,2540,10124,-0.019305019305019266
2017-10-16,2530,2550,2505,2550,2681,0.003937007874015741
2017-10-17,2510,2545,2505,2510,7404,-0.015686274509803977
2017-10-18,2510,2530,2500,2510,6818,0.0
2017-10-19,2500,2570,2495,2570,3656,0.0239043824701195
2017-10-20,2570,2625,2550,2600,4390,0.011673151750972721
2017-10-23,2600,2625,2545,2580,2600,-0.007692307692307665
2017-10-24,2580,2580,2515,2515,24293,-0.025193798449612448
2017-10-25,2525,2550,2510,2540,2671,0.00994035785288272
2017-10-26,2535,2595,2525,2595,10877,0.021653543307086576
2017-10-27,2595,2600,2550,2595,3327,0.0
2017-10-30,2565,2594,2560,2590,7211,-0.0019267822736031004
2017-10-31,2585,2615,2570,2600,3950,0.0038610038610038533
2017-11-01,2610,2670,2590,2640,8614,0.01538461538461533
2017-11-02,2640,2649,2620,2625,5236,-0.005681818181818232
2017-11-03,2660,2665,2615,2635,2889,0.003809523809523707
2017-11-06,2670,2670,2600,2665,3617,0.011385199240986799
2017-11-07,2640,2680,2610,2610,5311,-0.0206378986866792
2017-11-08,2650,2655,2620,2650,3652,0.015325670498084198
2017-11-09,2649,2700,2630,2685,4758,0.013207547169811429
2017-11-10,2660,2700,2645,2700,5873,0.005586592178770999
2017-11-13,2694,2694,2614,2670,6041,-0.011111111111111072
2017-11-14,2675,2709,2625,2695,5172,0.009363295880149725
2017-11-15,2655,2695,2655,2695,6878,0.0
2017-11-16,2695,2705,2680,2700,3295,0.0018552875695732052
2017-11-17,2704,2730,2650,2690,11737,-0.0037037037037036535
2017-11-20,2700,2770,2695,2755,10876,0.024163568773234223
2017-11-21,2770,2770,2720,2755,2113,0.0
2017-11-22,2754,2754,2625,2670,6144,-0.030852994555353952
2017-11-23,2630,2685,2630,2645,6119,-0.009363295880149836
2017-11-24,2655,2710,2640,2680,7670,0.013232514177693666
2017-11-27,2720,2720,2610,2615,5207,-0.02425373134328357
2017-11-28,2630,2680,2615,2645,1714,0.011472275334607929
2017-11-29,2625,2675,2605,2605,1760,-0.015122873345935761
2017-11-30,2604,2690,2584,2690,2538,0.03262955854126681
2017-12-01,2689,2689,2609,2625,3122,-0.024163568773234223
2017-12-04,2625,2650,2610,2640,1727,0.005714285714285783
2017-12-05,2635,2670,2620,2660,1283,0.007575757575757569
2017-12-06,2660,2680,2630,2650,1585,-0.003759398496240629
2017-12-07,2650,2665,2610,2640,2035,-0.0037735849056603765
2017-12-08,2630,2640,2530,2530,3414,-0.04166666666666663
2017-12-11,2535,2640,2500,2640,4493,0.04347826086956519
2017-12-12,2620,2620,2530,2530,2444,-0.04166666666666663
2017-12-13,2550,2550,2505,2505,2479,-0.00988142292490124
2017-12-14,2505,2590,2480,2590,3522,0.03393213572854292
2017-12-15,2595,2600,2540,2570,1543,-0.007722007722007707
2017-12-18,2555,2590,2510,2545,3641,-0.009727626459143934
2017-12-19,2545,2645,2490,2500,7806,-0.017681728880157177
2017-12-20,2500,2525,2490,2490,2289,-0.0040000000000000036
2017-12-21,2505,2505,2425,2465,8354,-0.010040160642570295
2017-12-22,2510,2510,2425,2435,8032,-0.012170385395537497
2017-12-26,2415,2490,2415,2450,4829,0.006160164271047153
2017-12-27,2430,2450,2420,2445,3082,-0.0020408163265306367
2017-12-28,2445,2460,2430,2450,3053,0.002044989775051187
2018-01-02,2435,2445,2410,2415,3520,-0.014285714285714235
2018-01-03,2430,2490,2400,2480,2808,0.0269151138716357
2018-01-04,2500,2570,2460,2460,1786,-0.008064516129032251
2018-01-05,2455,2475,2420,2455,3456,-0.002032520325203291
2018-01-08,2435,2435,2415,2420,2310,-0.014256619144602856
2018-01-09,2430,2435,2410,2430,1682,0.004132231404958775
2018-01-10,2430,2430,2405,2425,2448,-0.002057613168724326
2018-01-11,2460,2460,2405,2425,1474,0.0
2018-01-12,2435,2435,2380,2415,3456,-0.004123711340206171
2018-01-15,2400,2430,2400,2430,2576,0.006211180124223503
2018-01-16,2405,2440,2370,2430,7725,0.0
2018-01-17,2390,2425,2390,2405,2592,-0.010288065843621408
2018-01-18,2395,2430,2385,2420,2507,0.006237006237006293
2018-01-19,2420,2420,2400,2420,864,0.0
2018-01-22,2395,2445,2370,2410,4306,-0.004132231404958664
2018-01-23,2405,2430,2400,2430,6285,0.008298755186721962
2018-01-24,2425,2450,2420,2435,8144,0.002057613168724215
2018-01-25,2430,2480,2425,2460,14695,0.010266940451745477
2018-01-26,2450,2485,2450,2470,7160,0.004065040650406582
2018-01-29,2475,2490,2450,2470,8931,0.0
2018-01-30,2470,2495,2415,2430,3863,-0.01619433198380571
2018-01-31,2440,2475,2400,2475,4472,0.0185185185185186
2018-02-01,2450,2495,2420,2485,6185,0.004040404040404066
2018-02-02,2475,2485,2430,2470,3384,-0.006036217303822977
2018-02-05,2445,2480,2365,2370,9914,-0.04048582995951422
2018-02-06,2350,2385,2295,2380,5151,0.00421940928270037
2018-02-07,2375,2375,2345,2360,1688,-0.008403361344537785
2018-02-08,2335,2355,2295,2315,6433,-0.01906779661016944
2018-02-09,2290,2320,2280,2310,3336,-0.002159827213822907
2018-02-12,2325,2325,2270,2270,4853,-0.017316017316017285
2018-02-13,2300,2300,2270,2285,2104,0.0066079295154184425
2018-02-14,2295,2295,2245,2295,3945,0.004376367614879584
2018-02-19,2300,2300,2230,2245,14812,-0.02178649237472763
2018-02-20,2280,2280,2235,2245,2127,0.0
2018-02-21,2255,2280,2220,2280,4017,0.015590200445434244
2018-02-22,2275,2275,2240,2250,673,-0.013157894736842146
2018-02-23,2280,2280,2245,2275,5437,0.011111111111111072
2018-02-26,2280,2310,2250,2255,4431,-0.00879120879120876
2018-02-27,2270,2270,2250,2255,2910,0.0
2018-02-28,2225,2300,2225,2300,5528,0.019955654101995624
2018-03-02,2300,2300,2220,2295,7758,-0.0021739130434782483
2018-03-05,2295,2300,2255,2260,1216,-0.015250544662309351
2018-03-06,2260,2285,2220,2260,3523,0.0
2018-03-07,2265,2270,2235,2260,784,0.0
2018-03-08,2240,2280,2230,2270,1944,0.004424778761061843
2018-03-09,2270,2275,2255,2275,1198,0.0022026431718060735
2018-03-12,2285,2285,2250,2275,1979,0.0
2018-03-13,2275,2280,2250,2255,1738,-0.00879120879120876
2018-03-14,2260,2285,2230,2285,1456,0.013303769401330268
2018-03-15,2265,2285,2225,2235,4497,-0.021881838074398252
2018-03-16,2225,2265,2220,2265,1185,0.01342281879194629
2018-03-19,2240,2260,2235,2250,894,-0.0066225165562914245
2018-03-20,2220,2265,2220,2245,1852,-0.0022222222222222365
2018-03-21,2230,2270,2230,2265,1224,0.008908685968819663
2018-03-22,2270,2270,2240,2255,889,-0.004415011037527616
2018-03-23,2225,2265,2195,2220,5892,-0.01552106430155209
2018-03-26,2220,2230,2185,2230,2187,0.0045045045045044585
2018-03-27,2230,2240,2185,2230,4067,0.0
2018-03-28,2225,2230,2190,2230,669,0.0
2018-03-29,2220,2240,2210,2240,1309,0.004484304932735439
2018-03-30,2240,2290,2230,2270,2052,0.013392857142857206
2018-04-02,2290,2305,2265,2290,2695,0.008810572687224738
2018-04-03,2260,2300,2230,2300,1197,0.004366812227074135
2018-04-04,2295,2340,2280,2315,5943,0.006521739130434856
2018-04-05,2315,2320,2300,2310,1082,-0.002159827213822907
2018-04-06,2320,2320,2275,2310,533,0.0
2018-04-09,2280,2290,2280,2290,496,-0.008658008658008698
2018-04-10,2300,2380,2290,2340,1500,0.02183406113537112
2018-04-11,2355,2355,2270,2325,2054,-0.0064102564102563875
2018-04-12,2280,2320,2265,2310,1943,-0.006451612903225823
2018-04-13,2310,2315,2280,2315,1350,0.0021645021645022577
2018-04-16,2315,2325,2275,2325,612,0.004319654427645814
2018-04-17,2375,2375,2300,2335,2237,0.004301075268817289
2018-04-18,2325,2340,2240,2290,3229,-0.01927194860813708
2018-04-19,2290,2385,2280,2365,10819,0.03275109170305668
2018-04-20,2365,2365,2330,2340,3578,-0.010570824524312905
2018-04-23,2350,2430,2345,2425,15205,0.03632478632478642
2018-04-24,2425,2425,2350,2360,4445,-0.026804123711340222
2018-04-25,2360,2360,2310,2350,4116,-0.004237288135593209
2018-04-26,2350,2385,2345,2370,2256,0.008510638297872353
2018-04-27,2380,2415,2375,2410,4714,0.016877637130801704
2018-04-30,2410,2540,2410,2500,22635,0.03734439834024905
2018-05-02,2485,2590,2485,2570,22665,0.028000000000000025
2018-05-03,2570,2605,2525,2575,11055,0.0019455252918287869
2018-05-04,2574,2680,2510,2630,25200,0.021359223300970953
2018-05-08,2675,2675,2500,2505,16742,-0.04752851711026618
2018-05-09,2505,2565,2420,2470,9471,-0.013972055888223589
2018-05-10,2470,2555,2415,2535,12160,0.026315789473684292
2018-05-11,2530,2570,2530,2550,8904,0.00591715976331364
2018-05-14,2550,2570,2510,2565,11612,0.00588235294117645
2018-05-15,2590,2590,2465,2540,9448,-0.00974658869395717
2018-05-16,2530,2680,2480,2650,23937,0.04330708661417315
2018-05-17,2595,2680,2540,2600,9198,-0.018867924528301883
2018-05-18,2680,2680,2600,2625,12193,0.009615384615384581
2018-05-21,2680,2680,2550,2605,5615,-0.007619047619047636
2018-05-23,2620,2620,2530,2595,6382,-0.0038387715930902067
2018-05-24,2550,2590,2525,2530,6394,-0.025048169556840083
2018-05-25,2520,2540,2470,2530,3885,0.0
2018-05-28,2530,2540,2435,2540,28007,0.0039525691699604515
2018-05-29,2545,2560,2445,2490,6610,-0.019685039370078705
2018-05-30,2490,2555,2430,2525,5828,0.014056224899598346
2018-05-31,2545,2580,2480,2560,4754,0.013861386138613874
2018-06-01,2605,2615,2550,2560,11947,0.0
2018-06-04,2590,2590,2540,2570,1263,0.00390625
2018-06-05,2590,2590,2530,2530,4277,-0.015564202334630295
2018-06-07,2555,2655,2550,2615,16530,0.03359683794466406
2018-06-08,2645,2645,2590,2620,5733,0.0019120458891013214
2018-06-11,2640,2640,2580,2580,4221,-0.01526717557251911
2018-06-12,2580,2594,2520,2590,6066,0.003875968992248069
2018-06-14,2585,2590,2515,2570,6221,-0.007722007722007707
2018-06-15,2570,2590,2530,2565,3482,-0.0019455252918287869
2018-06-18,2595,2635,2470,2540,4329,-0.00974658869395717
2018-06-19,2530,2530,2450,2460,2728,-0.03149606299212604
2018-06-20,2440,2460,2425,2450,2378,-0.004065040650406471
2018-06-21,2445,2485,2420,2485,2413,0.014285714285714235
2018-06-22,2470,2540,2400,2515,6246,0.012072434607645954
2018-06-25,2515,2515,2430,2475,2254,-0.015904572564612307
2018-06-26,2470,2480,2400,2470,3977,-0.002020202020202033
2018-06-27,2485,2485,2420,2445,2740,-0.010121457489878583
2018-06-28,2400,2450,2380,2410,2585,-0.014314928425357865
2018-06-29,2415,2440,2395,2440,197,0.012448132780082943
2018-07-02,2420,2455,2370,2390,2292,-0.020491803278688492
2018-07-03,2365,2410,2295,2410,3493,0.008368200836819994
2018-07-04,2435,2435,2350,2410,847,0.0
2018-07-05,2405,2470,2365,2460,348,0.020746887966804906
2018-07-06,2405,2455,2405,2455,561,-0.002032520325203291
2018-07-09,2450,2600,2390,2560,18335,0.042769857433808456
2018-07-10,2560,2570,2470,2490,3643,-0.02734375
2018-07-11,2455,2490,2390,2465,3094,-0.010040160642570295
2018-07-12,2465,2500,2420,2470,1481,0.0020283975659229903
2018-07-13,2480,2485,2405,2415,4746,-0.022267206477732837
2018-07-16,2435,2435,2400,2410,1182,-0.0020703933747412417
2018-07-17,2405,2480,2360,2440,6948,0.012448132780082943
2018-07-18,2420,2460,2395,2400,521,-0.016393442622950838
2018-07-19,2400,2440,2340,2425,4524,0.01041666666666674
2018-07-20,2395,2395,2325,2340,2755,-0.035051546391752564
2018-07-23,2330,2380,2260,2375,5728,0.014957264957264904
2018-07-24,2375,2375,2275,2325,2849,-0.021052631578947323
2018-07-25,2350,2360,2305,2360,851,0.01505376344086029
2018-07-26,2360,2360,2290,2315,1099,-0.01906779661016944
2018-07-27,2315,2345,2275,2300,1999,-0.006479481641468721
2018-07-30,2315,2320,2300,2305,46,0.0021739130434783593
2018-07-31,2295,2350,2295,2350,1418,0.01952277657266821
2018-08-01,2345,2350,2310,2345,484,-0.0021276595744680327
2018-08-02,2305,2395,2305,2385,2990,0.017057569296375252
2018-08-03,2405,2405,2325,2340,661,-0.018867924528301883
2018-08-06,2350,2400,2345,2380,1123,0.017094017094017033
2018-08-07,2375,2410,2330,2410,1985,0.012605042016806678
2018-08-08,2410,2415,2340,2405,2249,-0.0020746887966804906
2018-08-09,2365,2410,2365,2395,955,-0.004158004158004158
2018-08-10,2360,2425,2355,2410,781,0.006263048016701411
2018-08-13,2390,2415,2370,2390,91,-0.008298755186721962
2018-08-14,2390,2400,2315,2400,3233,0.004184100418409997
2018-08-16,2375,2400,2290,2290,8466,-0.04583333333333328
2018-08-17,2300,2345,2270,2285,3545,-0.0021834061135370675
2018-08-20,2285,2315,2275,2300,2367,0.006564551422319376
2018-08-21,2295,2310,2260,2295,3332,-0.0021739130434782483
2018-08-22,2295,2310,2280,2300,1230,0.002178649237472685
2018-08-23,2300,2330,2250,2325,5422,0.010869565217391353
2018-08-24,2315,2345,2280,2345,3989,0.008602150537634357
2018-08-27,2365,2365,2320,2365,1149,0.008528784648187626
2018-08-28,2360,2375,2330,2370,993,0.0021141649048626032
2018-08-29,2340,2375,2335,2355,785,-0.006329113924050667
2018-08-30,2355,2370,2250,2275,19125,-0.03397027600849256
2018-08-31,2285,2330,2280,2320,4352,0.01978021978021971
2018-09-03,2320,2330,2275,2325,1848,0.0021551724137931494
2018-09-04,2320,2350,2305,2330,2114,0.0021505376344086446
2018-09-05,2325,2325,2290,2320,3091,-0.0042918454935622075
2018-09-06,2305,2320,2230,2275,19420,-0.0193965517241379
2018-09-07,2260,2270,2205,2220,16830,-0.0241758241758242
2018-09-10,2220,2235,2200,2220,4063,0.0
2018-09-11,2225,2245,2215,2230,4926,0.0045045045045044585
2018-09-12,2235,2240,2200,2235,3168,0.0022421524663676085
2018-09-13,2225,2225,2190,2200,9716,-0.015659955257270708
2018-09-14,2205,2245,2200,2225,12081,0.011363636363636465
2018-09-17,2225,2235,2200,2225,3041,0.0
2018-09-18,2225,2225,2200,2205,3021,-0.008988764044943864
2018-09-19,2205,2225,2185,2190,3696,-0.006802721088435382
2018-09-20,2190,2250,2155,2250,14685,0.027397260273972712
2018-09-21,2255,2255,2195,2200,7607,-0.022222222222222254
2018-09-27,2195,2280,2190,2280,4759,0.036363636363636376
2018-09-28,2270,2285,2220,2280,3965,0.0
2018-10-01,2280,2280,2220,2220,3418,-0.02631578947368418
2018-10-02,2205,2225,2165,2180,7983,-0.018018018018018056
2018-10-04,2170,2200,2145,2170,9771,-0.004587155963302725
2018-10-05,2185,2220,2055,2110,24813,-0.027649769585253448
2018-10-08,2030,2060,2020,2025,125044,-0.04028436018957349
2018-10-10,2035,2035,1965,2020,17644,-0.0024691358024691024
2018-10-11,1960,2014,1914,2015,8655,-0.0024752475247524774
2018-10-12,1995,2025,1945,2000,60762,-0.007444168734491274
2018-10-15,2015,2055,1970,1980,3436,-0.010000000000000009
2018-10-16,1980,2040,1960,2040,3191,0.030303030303030276
2018-10-17,2040,2070,2010,2040,2212,0.0
2018-10-18,2045,2045,1990,2030,3212,-0.004901960784313708
2018-10-19,1990,2075,1990,2025,933,-0.0024630541871921707
2018-10-22,2050,2050,1990,2010,702,-0.007407407407407418
2018-10-23,2030,2030,1840,1975,20932,-0.01741293532338306
2018-10-24,1974,1994,1925,1995,7596,0.010126582278481067
2018-10-25,1970,1994,1920,1995,11470,0.0
2018-10-26,1994,2010,1925,1955,3864,-0.020050125313283207
2018-10-29,1930,1985,1860,1910,4023,-0.023017902813299185
2018-10-30,1910,1960,1850,1915,9578,0.002617801047120505
2018-10-31,1900,1950,1870,1890,11307,-0.01305483028720622
2018-11-01,1890,2075,1870,1950,9271,0.031746031746031855
2018-11-02,1990,2010,1945,2000,1531,0.02564102564102555
2018-11-05,1970,2000,1930,1940,4502,-0.030000000000000027
2018-11-06,1940,1960,1925,1960,1738,0.010309278350515427
2018-11-07,1995,2000,1950,1985,2687,0.012755102040816313
2018-11-08,1975,2000,1955,2000,1754,0.007556675062972307
2018-11-09,1955,1995,1940,1950,5988,-0.025000000000000022
2018-11-12,1945,1950,1925,1930,1709,-0.01025641025641022
2018-11-13,1905,1950,1900,1940,1854,0.005181347150259086
2018-11-14,1940,1940,1900,1925,2400,-0.0077319587628865705
2018-11-15,1920,1980,1900,1975,5912,0.025974025974025983
2018-11-16,2005,2005,1940,1980,2726,0.0025316455696202667
2018-11-19,2000,2000,1950,1965,2751,-0.007575757575757569
2018-11-20,1940,1980,1940,1975,800,0.0050890585241729624
2018-11-21,1955,1980,1940,1960,1608,-0.0075949367088608
2018-11-22,1935,1990,1935,1950,2411,-0.005102040816326481
2018-11-23,1965,1980,1900,1900,4720,-0.02564102564102566
2018-11-26,1900,1940,1900,1935,6714,0.018421052631578894
2018-11-27,1960,1970,1935,1950,1665,0.007751937984496138
2018-11-28,1945,2045,1945,1970,4389,0.01025641025641022
2018-11-29,2030,2035,1920,1990,3885,0.010152284263959421
2018-11-30,2025,2045,1950,1995,2740,0.002512562814070307
2018-12-03,2010,2025,1975,2020,1006,0.012531328320801949
2018-12-04,2040,2040,1960,2000,3484,-0.00990099009900991
2018-12-05,1994,2000,1970,1995,80,-0.0024999999999999467
2018-12-06,2030,2050,1995,2000,5954,0.0025062656641603454
2018-12-07,2040,2040,1990,2030,1709,0.014999999999999902
2018-12-10,2030,2030,1980,2010,1161,-0.009852216748768461
2018-12-11,2055,2055,1980,2005,1037,-0.0024875621890547706
2018-12-12,1985,2010,1965,2010,1183,0.0024937655860348684
2018-12-13,2040,2040,1954,1955,9729,-0.027363184079602032
2018-12-14,1964,2030,1940,2005,4062,0.025575447570332477
2018-12-17,2025,2025,1980,1995,896,-0.004987531172069848
2018-12-18,1995,1995,1960,1980,1438,-0.007518796992481258
2018-12-19,1975,1984,1950,1965,4975,-0.007575757575757569
2018-12-20,1964,1990,1955,1985,1139,0.010178117048346147
2018-12-21,1980,1990,1955,1980,4161,-0.0025188916876573986
2018-12-24,1980,1980,1960,1975,1405,-0.002525252525252486
2018-12-26,1970,1970,1930,1950,1851,-0.012658227848101222
2018-12-27,1945,1945,1914,1935,732,-0.007692307692307665
2018-12-28,1930,1930,1890,1900,2953,-0.018087855297157618
2019-01-02,1890,1900,1865,1900,3005,0.0
2019-01-03,1900,1910,1880,1910,1488,0.0052631578947368585
2019-01-04,1900,1900,1850,1895,10538,-0.007853403141361293
2019-01-07,1925,1950,1890,1950,4846,0.029023746701847042
2019-01-08,1944,1950,1930,1945,786,-0.002564102564102555
2019-01-09,1940,1995,1940,1985,5485,0.020565552699228773
2019-01-10,1990,1995,1945,1980,3823,-0.0025188916876573986
2019-01-11,1980,2060,1980,1995,6741,0.007575757575757569
2019-01-14,2015,2100,2000,2100,15652,0.05263157894736836
2019-01-15,2090,2120,2075,2105,8105,0.0023809523809523725
2019-01-16,2100,2115,2090,2090,2282,-0.0071258907363420665
2019-01-17,2100,2115,2090,2115,2514,0.011961722488038173
2019-01-18,2125,2155,2085,2130,5990,0.007092198581560183
2019-01-21,2095,2135,2095,2135,1397,0.0023474178403755097
2019-01-22,2135,2135,2120,2135,1293,0.0
2019-01-23,2130,2130,2080,2110,3248,-0.011709601873536313
2019-01-24,2110,2125,2075,2100,6210,-0.004739336492891044
2019-01-25,2100,2115,2070,2100,3655,0.0
2019-01-28,2130,2130,2085,2100,522,0.0
2019-01-29,2100,2120,2030,2060,4903,-0.01904761904761909
2019-01-30,2050,2115,1990,2010,12411,-0.024271844660194164
2019-01-31,2045,2045,1995,2010,1780,0.0
2019-02-01,2025,2025,1995,2000,2905,-0.00497512437810943
2019-02-07,2000,2010,1975,2000,2084,0.0
2019-02-08,2000,2045,1985,2000,3338,0.0
2019-02-11,2000,2025,1965,2000,5437,0.0
2019-02-12,1995,2010,1945,1950,14396,-0.025000000000000022
2019-02-13,1960,1960,1930,1940,7953,-0.00512820512820511
2019-02-14,1950,1965,1935,1940,6681,0.0
2019-02-15,1940,1965,1930,1955,5756,0.0077319587628865705
2019-02-18,1955,1990,1955,1990,2832,0.01790281329923271
2019-02-19,1985,1990,1954,1975,5663,-0.007537688442211032
2019-02-20,1975,2025,1965,2000,2668,0.012658227848101333
2019-02-21,2000,2014,1990,2015,3981,0.007500000000000062
2019-02-22,2015,2025,2000,2020,3228,0.002481389578163684
2019-02-25,2035,2050,2024,2045,4980,0.012376237623762387
2019-02-26,2045,2050,2025,2050,4049,0.0024449877750611915
2019-02-27,2035,2075,2035,2070,3335,0.009756097560975618
2019-02-28,2065,2075,2040,2040,5454,-0.01449275362318836
2019-03-04,2040,2080,2040,2070,8332,0.014705882352941124
2019-03-05,2080,2155,2055,2155,13383,0.04106280193236711
2019-03-06,2160,2190,2130,2165,6123,0.004640371229698292
2019-03-07,2140,2180,2125,2150,2918,-0.006928406466512715
2019-03-08,2150,2150,2095,2140,5232,-0.0046511627906976605
2019-03-11,2140,2140,2120,2140,1076,0.0
2019-03-12,2155,2160,2115,2150,2800,0.004672897196261738
2019-03-13,2170,2170,2115,2130,1831,-0.009302325581395321
2019-03-14,2130,2175,2115,2170,2223,0.018779342723004744
2019-03-15,2145,2190,2140,2190,2805,0.009216589861751112
2019-03-18,2165,2175,2130,2175,2417,-0.006849315068493178
2019-03-19,2150,2150,2130,2150,1677,-0.011494252873563204
2019-03-20,2170,2190,2135,2170,2774,0.009302325581395321
2019-03-21,2170,2170,2135,2155,873,-0.00691244239631339
2019-03-22,2120,2125,2085,2120,10347,-0.016241299303944357
2019-03-25,2120,2130,2050,2105,3821,-0.007075471698113178
2019-03-26,2100,2125,2080,2105,2821,0.0
2019-03-27,2075,2120,2075,2115,1666,0.004750593824228044
2019-03-28,2115,2125,2060,2100,4170,-0.007092198581560294
2019-03-29,2060,2125,2055,2125,8077,0.011904761904761862
2019-04-01,2125,2155,2080,2090,3953,-0.016470588235294126
2019-04-02,2090,2095,2065,2080,5576,-0.004784688995215336
2019-04-03,2080,2095,2055,2090,2653,0.004807692307692291
2019-04-04,2085,2085,2060,2080,1443,-0.004784688995215336
2019-04-05,2080,2090,2060,2075,3639,-0.0024038461538461453
2019-04-08,2075,2120,2070,2100,3359,0.012048192771084265
2019-04-09,2095,2095,2070,2080,1612,-0.00952380952380949
2019-04-10,2080,2080,2050,2070,4180,-0.004807692307692291
2019-04-11,2070,2070,2050,2060,4326,-0.004830917874396157
2019-04-12,2060,2075,2040,2055,3947,-0.0024271844660194164
2019-04-15,2070,2085,2045,2055,10479,0.0
2019-04-16,2055,2065,2050,2055,1657,0.0
2019-04-17,2060,2085,2045,2050,5492,-0.0024330900243308973
2019-04-18,2050,2075,2015,2050,7711,0.0
2019-04-19,2050,2065,2025,2040,4168,-0.004878048780487809
2019-04-22,2045,2060,2030,2040,1983,0.0
2019-04-23,2044,2475,2035,2205,504228,0.0808823529411764
2019-04-24,2230,2250,2145,2170,156631,-0.015873015873015928
2019-04-25,2130,2135,2070,2075,51615,-0.04377880184331795
2019-04-26,2070,2085,2045,2055,16225,-0.009638554216867434
2019-04-29,2055,2085,2044,2065,27526,0.0048661800486617945
2019-04-30,2090,2095,2055,2065,22430,0.0
2019-05-02,2065,2080,2050,2070,8817,0.002421307506053294
2019-05-03,2050,2085,2050,2085,12068,0.007246376811594235
2019-05-07,2070,2105,2055,2090,11767,0.0023980815347721673
2019-05-08,2090,2105,2065,2090,7194,0.0
2019-05-09,2090,2155,2060,2085,42305,-0.0023923444976076125
2019-05-10,2110,2110,2004,2025,29513,-0.02877697841726623
2019-05-13,2024,2024,1980,2005,10199,-0.00987654320987652
2019-05-14,2070,2190,2005,2035,39278,0.014962593516209433
2019-05-15,2035,2060,1990,2025,6853,-0.004914004914004955
2019-05-16,2034,2040,1994,2015,11210,-0.004938271604938316
2019-05-17,2014,2014,1994,1995,5430,-0.00992555831265507
2019-05-20,1994,2020,1960,2015,9328,0.010025062656641603
2019-05-21,2020,2020,1980,1995,5632,-0.00992555831265507
2019-05-22,1994,2025,1974,2015,5477,0.010025062656641603
2019-05-23,1985,2030,1980,2030,5265,0.007444168734491274
2019-05-24,2000,2070,1985,2070,2119,0.019704433497536922
2019-05-27,2024,2070,2004,2045,4423,-0.012077294685990392
2019-05-28,2040,2060,2015,2030,3498,-0.007334963325183352
2019-05-29,2015,2040,1990,2030,2772,0.0
2019-05-30,2045,2050,1994,2015,8625,-0.007389162561576401
2019-05-31,2030,2035,2000,2000,12717,-0.007444168734491274
2019-06-03,1985,2020,1960,2020,4775,0.010000000000000009
2019-06-04,2020,2025,2000,2015,1613,-0.0024752475247524774
2019-06-05,2005,2020,1990,2000,7271,-0.007444168734491274
2019-06-07,2005,2015,1995,2010,3573,0.004999999999999893
2019-06-10,2010,2025,2010,2015,1694,0.0024875621890547706
2019-06-11,2015,2055,2000,2050,12063,0.017369727047146455
2019-06-12,2050,2050,2020,2040,3549,-0.004878048780487809
2019-06-13,2040,2110,2030,2105,17471,0.031862745098039325
2019-06-14,2105,2110,2090,2105,3812,0.0
2019-06-17,2105,2180,2080,2170,18135,0.030878859857482288
2019-06-18,2170,2215,2155,2175,26799,0.0023041474654377225
2019-06-19,2180,2185,2150,2180,7983,0.0022988505747125743
2019-06-20,2180,2185,2155,2185,5476,0.002293577981651307
2019-06-21,2170,2190,2160,2185,3697,0.0
2019-06-24,2135,2190,2135,2190,4953,0.0022883295194509046
2019-06-25,2165,2210,2165,2195,8705,0.0022831050228311334
2019-06-26,2195,2205,2175,2195,2876,0.0
2019-06-27,2185,2235,2185,2200,7275,0.002277904328018332
2019-06-28,2200,2220,2190,2205,3607,0.002272727272727204
2019-07-01,2195,2220,2175,2210,4192,0.0022675736961450532
2019-07-02,2195,2205,2175,2200,2463,-0.004524886877828038
2019-07-03,2180,2210,2135,2190,5737,-0.004545454545454519
2019-07-04,2160,2195,2160,2190,880,0.0
2019-07-05,2195,2195,2160,2195,1560,0.0022831050228311334
2019-07-08,2190,2190,2120,2160,1920,-0.015945330296127547
2019-07-09,2145,2160,2080,2080,4660,-0.03703703703703709
2019-07-10,2095,2115,2070,2100,1887,0.009615384615384581
2019-07-11,2105,2105,2055,2090,4722,-0.004761904761904745
2019-07-12,2090,2115,2055,2085,3940,-0.0023923444976076125
2019-07-15,2085,2090,2030,2085,4717,0.0
2019-07-16,2085,2085,2035,2045,2893,-0.01918465227817745
2019-07-17,2044,2044,2010,2025,2359,-0.009779951100244544
2019-07-18,2025,2050,2005,2030,2529,0.0024691358024691024
2019-07-19,2030,2050,1995,2020,15229,-0.0049261083743842304
2019-07-22,2030,2030,1975,1980,10749,-0.01980198019801982
2019-07-23,1980,1984,1964,1965,6557,-0.007575757575757569
2019-07-24,1980,1980,1960,1960,2955,-0.0025445292620864812
2019-07-25,1960,1965,1925,1940,5846,-0.010204081632653073
2019-07-26,1920,2065,1905,1980,7566,0.020618556701030855
2019-07-29,1980,2020,1920,1990,5842,0.005050505050504972
2019-07-30,1985,2040,1970,1990,20499,0.0
2019-07-31,1950,2034,1950,1975,1790,-0.007537688442211032
2019-08-01,1975,2020,1975,2005,965,0.0151898734177216
2019-08-02,2005,2005,1950,1950,4230,-0.027431421446383997
2019-08-05,1950,1974,1830,1875,15007,-0.038461538461538436
2019-08-06,1800,1880,1760,1780,16687,-0.05066666666666664
2019-08-07,1770,1805,1765,1780,4774,0.0
2019-08-08,1795,1805,1765,1780,5107,0.0
2019-08-09,1785,1874,1785,1835,12883,0.030898876404494402
2019-08-12,1840,1875,1825,1840,3168,0.0027247956403269047
2019-08-13,1860,1890,1770,1780,21954,-0.03260869565217395
2019-08-14,1785,1815,1770,1810,13119,0.016853932584269593
2019-08-16,1810,1820,1765,1820,11943,0.005524861878453136
2019-08-19,1840,1840,1795,1830,9722,0.005494505494505475
2019-08-20,1820,1835,1810,1830,5811,0.0
2019-08-21,1830,1845,1810,1810,6013,-0.010928961748633892
2019-08-22,1810,1850,1805,1835,7127,0.013812154696132506
2019-08-23,1830,1835,1820,1825,1072,-0.00544959128065392
2019-08-26,1825,1850,1805,1820,2169,-0.002739726027397249
2019-08-27,1820,1830,1810,1815,1626,-0.0027472527472527375
2019-08-28,1815,1825,1810,1810,1279,-0.0027548209366391463
2019-08-29,1810,1850,1805,1830,2315,0.011049723756906049
2019-08-30,1850,1900,1850,1855,2793,0.013661202185792254
2019-09-02,1875,1900,1860,1880,584,0.013477088948786964
2019-09-03,1870,1890,1870,1880,355,0.0
2019-09-04,1900,1970,1875,1920,2191,0.02127659574468077
2019-09-05,1900,1915,1880,1890,4382,-0.015625
2019-09-06,1890,1910,1855,1890,2389,0.0
2019-09-09,1890,1910,1860,1860,4747,-0.015873015873015928
2019-09-10,1934,1934,1854,1875,2205,0.008064516129032251
2019-09-11,1875,1890,1844,1865,5093,-0.005333333333333301
2019-09-16,1865,1940,1865,1935,8569,0.03753351206434319
2019-09-17,2035,2035,1960,1990,16128,0.028423772609819098
2019-09-18,2015,2070,1970,2010,31508,0.01005025125628145
2019-09-19,2365,2610,2235,2235,1654360,0.11194029850746268
2019-09-20,2200,2570,2035,2380,1020469,0.06487695749440725
2019-09-23,2230,2300,2160,2185,267983,-0.08193277310924374
2019-09-24,2465,2630,2245,2330,690843,0.06636155606407312
2019-09-25,2435,2520,2290,2405,625870,0.032188841201716833
2019-09-26,2340,2380,2175,2245,213685,-0.06652806652806653
2019-09-27,2250,2280,2125,2145,136977,-0.04454342984409798
2019-09-30,2115,2120,2070,2095,79531,-0.023310023310023298
2019-10-01,2070,2095,2000,2010,66393,-0.04057279236276845
2019-10-02,2045,2055,1995,2010,52726,0.0
2019-10-04,2010,2040,1940,1945,52223,-0.03233830845771146
2019-10-07,1950,1950,1900,1950,29368,0.0025706940874035134
2019-10-08,1920,1945,1905,1915,31429,-0.017948717948717996
2019-10-10,1920,1985,1880,1880,42709,-0.018276762402088753
2019-10-11,1880,1904,1844,1865,27497,-0.007978723404255317
2019-10-14,1870,1900,1865,1890,13755,0.013404825737265424
2019-10-15,1870,1900,1870,1890,13457,0.0
2019-10-16,1890,1925,1875,1890,19929,0.0
2019-10-17,1904,1904,1860,1865,17809,-0.013227513227513255
2019-10-18,1880,1890,1850,1850,17966,-0.008042895442359255
2019-10-21,1855,1890,1840,1880,21374,0.016216216216216273
2019-10-22,1880,1884,1860,1865,8882,-0.007978723404255317
2019-10-23,1855,1865,1820,1820,20895,-0.024128686327077764
2019-10-24,1820,1835,1805,1825,10104,0.0027472527472527375
2019-10-25,1815,1870,1815,1865,14513,0.021917808219177992
2019-10-28,1864,1875,1840,1865,5967,0.0
2019-10-29,1845,1865,1825,1835,9966,-0.01608579088471851
2019-10-30,1835,1855,1820,1840,7831,0.0027247956403269047
2019-10-31,1835,1860,1815,1845,10165,0.0027173913043478937
2019-11-01,1845,1850,1820,1840,6328,-0.0027100271002710175
2019-11-04,1840,1840,1810,1830,7749,-0.005434782608695676
2019-11-05,1830,1850,1830,1850,7370,0.010928961748633892
2019-11-06,1855,1860,1830,1850,10657,0.0
2019-11-07,1850,1860,1840,1855,2470,0.002702702702702675
2019-11-08,1875,1890,1855,1865,7526,0.005390835579514919
2019-11-11,1885,1885,1840,1870,6186,0.002680965147453085
2019-11-12,1870,1870,1834,1855,8676,-0.008021390374331583
2019-11-13,1855,1855,1825,1830,8274,-0.013477088948787075
2019-11-14,1845,1865,1825,1855,4250,0.013661202185792254
2019-11-15,1850,1880,1830,1875,14580,0.010781671159029615
2019-11-18,1880,1880,1855,1880,13770,0.002666666666666595
2019-11-19,1875,1875,1860,1870,9053,-0.005319148936170248
2019-11-20,1870,1870,1850,1865,11461,-0.002673796791443861
2019-11-21,1855,1880,1835,1870,20272,0.002680965147453085
2019-11-22,1870,1870,1840,1855,5692,-0.008021390374331583
2019-11-25,1845,1865,1845,1860,6072,0.0026954177897573484
2019-11-26,1850,1865,1840,1855,10294,-0.0026881720430107503
2019-11-27,1850,1855,1840,1840,7708,-0.008086253369272267
2019-11-28,1840,1854,1840,1855,5847,0.008152173913043459
2019-11-29,1845,1855,1825,1830,7676,-0.013477088948787075
2019-12-02,1840,1845,1820,1835,11289,0.002732240437158362
2019-12-03,1820,1835,1805,1825,4243,-0.00544959128065392
2019-12-04,1810,1820,1800,1820,6381,-0.002739726027397249
2019-12-05,1820,1835,1795,1825,8601,0.0027472527472527375
2019-12-06,1825,1850,1810,1850,154131,0.013698630136986356
2019-12-09,1865,1910,1840,1895,14524,0.024324324324324298
2019-12-10,1875,1950,1875,1930,21837,0.01846965699208436
2019-12-11,1944,1944,1904,1925,11284,-0.002590673575129543
2019-12-12,1930,1950,1915,1930,10615,0.0025974025974024872
2019-12-13,1944,2135,1915,2085,92679,0.08031088082901561
2019-12-16,2110,2120,2045,2060,9787,-0.011990407673860948
2019-12-17,2060,2090,2020,2020,16007,-0.01941747572815533
2019-12-18,2025,2055,2010,2055,5787,0.017326732673267342
2019-12-19,2040,2065,2025,2030,6189,-0.012165450121654486
2019-12-20,2030,2090,2010,2020,3379,-0.0049261083743842304
2019-12-23,2014,2030,1934,1955,14931,-0.03217821782178221
2019-12-24,1965,2025,1965,1995,7577,0.020460358056265893
2019-12-26,2005,2034,1980,2015,6575,0.010025062656641603
2019-12-27,1960,1975,1920,1950,9526,-0.032258064516129004
2019-12-30,2014,2014,1945,1995,18524,0.023076923076922995
2020-01-02,1995,1995,1955,1970,2956,-0.01253132832080206
2020-01-03,1950,1984,1950,1965,2226,-0.0025380710659898
2020-01-06,1965,1965,1910,1915,2221,-0.025445292620865145
2020-01-07,1900,1925,1900,1915,2841,0.0
2020-01-08,1924,1924,1850,1865,7353,-0.026109660574412552
2020-01-09,1865,1900,1865,1890,5237,0.013404825737265424
2020-01-10,1870,1950,1864,1945,4124,0.02910052910052907
2020-01-13,1920,1970,1920,1950,3223,0.0025706940874035134
2020-01-14,1905,1954,1905,1955,4442,0.002564102564102555
2020-01-15,1955,2010,1935,2000,6840,0.023017902813299296
2020-01-16,2000,2000,1950,1955,3088,-0.022499999999999964
2020-01-17,1955,2000,1930,2000,5598,0.023017902813299296
2020-01-20,1980,2005,1950,1970,2644,-0.015000000000000013
2020-01-21,1970,1970,1945,1960,1503,-0.005076142131979711
2020-01-22,1960,1970,1930,1950,3732,-0.005102040816326481
2020-01-23,1980,1990,1920,1970,2434,0.01025641025641022
2020-01-28,1940,1940,1885,1935,7787,-0.017766497461928932
2020-01-29,1890,1930,1880,1930,7647,-0.0025839793281653423
2020-01-30,1930,1930,1895,1925,6082,-0.002590673575129543
2020-01-31,1895,1925,1880,1900,6859,-0.012987012987012991
2020-02-03,1855,1900,1840,1900,3002,0.0
2020-02-04,1865,1910,1865,1900,3555,0.0
2020-02-05,1880,1915,1880,1910,1796,0.0052631578947368585
2020-02-06,1890,1915,1880,1900,8598,-0.005235602094240788
2020-02-07,1880,1904,1880,1905,2292,0.002631578947368318
2020-02-10,1900,1924,1900,1925,3632,0.01049868766404205
2020-02-11,1914,1930,1874,1895,10501,-0.01558441558441559
2020-02-12,1884,1884,1844,1845,16023,-0.02638522427440637
2020-02-13,1844,1864,1830,1845,8578,0.0
2020-02-14,1854,1900,1845,1875,10026,0.016260162601626105
2020-02-17,1874,1874,1854,1875,4067,0.0
2020-02-18,1870,1890,1870,1880,1851,0.002666666666666595
2020-02-19,1880,1890,1870,1885,4134,0.0026595744680850686
2020-02-20,1875,1930,1875,1905,10499,0.010610079575596787
2020-02-21,1904,1944,1895,1925,8852,0.01049868766404205
2020-02-24,1885,1950,1880,1935,10425,0.0051948051948051965
2020-02-25,1990,2060,1915,2020,30031,0.043927648578811374
2020-02-26,1995,2050,1985,2030,10036,0.004950495049504955
2020-02-27,2025,2045,1985,2035,13452,0.0024630541871921707
2020-02-28,2010,2030,1984,2025,17937,-0.004914004914004955
2020-03-02,1980,2000,1930,1960,11688,-0.032098765432098775
2020-03-03,1960,1980,1940,1960,5617,0.0
2020-03-04,1975,1975,1930,1960,13863,0.0
2020-03-05,1965,2020,1940,2000,10709,0.020408163265306145
2020-03-06,2000,2010,1950,2010,3252,0.004999999999999893
2020-03-09,1965,2005,1965,1975,4928,-0.01741293532338306
2020-03-10,1920,1975,1900,1965,7123,-0.005063291139240533
2020-03-11,1935,1985,1930,1960,7293,-0.0025445292620864812
2020-03-12,1960,1960,1865,1930,15920,-0.015306122448979553
2020-03-13,1825,1880,1725,1785,28148,-0.07512953367875652
2020-03-16,1810,1850,1715,1735,9625,-0.02801120448179273
2020-03-17,1770,1770,1640,1765,26268,0.01729106628242083
2020-03-18,1770,1805,1645,1645,11056,-0.06798866855524077
2020-03-19,1625,1675,1365,1420,24012,-0.13677811550151975
2020-03-20,1440,1530,1410,1430,25150,0.007042253521126751
2020-03-23,1420,1420,1300,1320,19560,-0.07692307692307687
2020-03-24,1340,1405,1310,1360,18512,0.030303030303030276
2020-03-25,1480,1650,1435,1455,19154,0.06985294117647056
2020-03-26,1480,1525,1455,1475,15625,0.013745704467353903
2020-03-27,1520,1600,1480,1510,12509,0.023728813559322104
2020-03-30,1530,1535,1480,1535,10056,0.01655629139072845
2020-03-31,1575,1615,1515,1575,12264,0.026058631921824116
2020-04-01,1620,1680,1550,1590,28696,0.00952380952380949
2020-04-02,1590,1620,1530,1620,9892,0.018867924528301883
2020-04-03,1665,1665,1585,1630,11117,0.006172839506172867
2020-04-06,1590,1730,1590,1710,17327,0.04907975460122693
2020-04-07,1780,1780,1710,1745,15643,0.020467836257309857
2020-04-08,1720,1735,1655,1720,24930,-0.014326647564469885
2020-04-09,1720,1730,1705,1725,7222,0.0029069767441860517
2020-04-10,1720,1740,1700,1720,9740,-0.0028985507246376274
2020-04-13,1750,1750,1700,1700,7210,-0.011627906976744207
2020-04-14,1740,1740,1690,1690,15560,-0.00588235294117645
2020-04-16,1700,1700,1655,1700,12078,0.00591715976331364
2020-04-17,1710,1725,1690,1710,12727,0.00588235294117645
2020-04-20,1715,1715,1695,1700,8445,-0.005847953216374324
2020-04-21,1700,1710,1660,1690,9618,-0.00588235294117645
2020-04-22,1690,1690,1650,1655,17921,-0.020710059171597628
2020-04-23,1675,1690,1660,1690,8788,0.02114803625377637
2020-04-24,1670,1735,1670,1710,23703,0.01183431952662728
2020-04-27,1735,1745,1690,1715,25296,0.0029239766081872176
2020-04-28,1735,1735,1710,1725,14512,0.005830903790087438
2020-04-29,1725,1820,1725,1800,29194,0.04347826086956519
2020-05-04,1795,1870,1795,1855,25852,0.030555555555555447
2020-05-06,1855,1920,1840,1905,24237,0.02695417789757415
2020-05-07,1910,1960,1910,1945,16990,0.0209973753280841
2020-05-08,1930,1955,1925,1940,15422,-0.0025706940874036244
2020-05-11,1950,1970,1925,1940,16949,0.0
2020-05-12,1910,1945,1910,1935,11828,-0.002577319587628857
2020-05-13,1920,1944,1880,1925,17399,-0.0051679586563307955
2020-05-14,1945,1945,1885,1890,10642,-0.018181818181818188
2020-05-15,1894,1925,1890,1915,20475,0.013227513227513255
2020-05-18,1910,1950,1900,1920,7213,0.0026109660574411553
2020-05-19,1905,1930,1870,1890,20568,-0.015625
2020-05-20,1895,1910,1835,1890,19218,0.0
2020-05-21,1890,1905,1875,1900,8296,0.005291005291005346
2020-05-22,1915,1915,1855,1890,11855,-0.0052631578947368585
2020-05-25,1870,1880,1855,1870,14422,-0.010582010582010581
2020-05-26,1875,1900,1870,1900,10024,0.016042780748663166
2020-05-27,1894,1910,1854,1875,21932,-0.013157894736842146
2020-05-28,1865,1885,1850,1855,14502,-0.010666666666666713
2020-05-29,1845,1860,1800,1830,33242,-0.013477088948787075
2020-06-01,1850,1850,1800,1820,14773,-0.005464480874316946
2020-06-02,1820,1835,1790,1810,26394,-0.005494505494505475
2020-06-03,1825,1835,1800,1810,25098,0.0
2020-06-04,1810,1825,1795,1815,15090,0.0027624309392264568
2020-06-05,1820,1825,1795,1825,7662,0.005509641873278293
2020-06-08,1825,1845,1800,1840,18475,0.008219178082191858
2020-06-09,1830,1850,1830,1850,8155,0.005434782608695565
2020-06-10,1850,1870,1840,1850,9914,0.0
2020-06-11,1860,1870,1835,1840,18728,-0.00540540540540535
2020-06-12,1795,1840,1785,1785,38691,-0.029891304347826053
2020-06-15,1785,1805,1710,1720,28089,-0.036414565826330514
2020-06-16,1745,1765,1720,1725,35361,0.0029069767441860517
2020-06-17,1735,1875,1730,1865,53159,0.08115942028985512
2020-06-18,1880,1925,1825,1915,35670,0.02680965147453085
2020-06-19,1910,2035,1900,2020,71355,0.05483028720626626
2020-06-22,2070,2070,1960,1965,27314,-0.027227722772277252
2020-06-23,1964,1970,1924,1965,15617,0.0
2020-06-24,1930,2004,1930,1985,10318,0.010178117048346147
2020-06-25,1930,1995,1925,1970,10717,-0.007556675062972307
2020-06-26,1935,2010,1935,1960,9477,-0.005076142131979711
2020-06-29,1960,1965,1935,1960,3182,0.0
2020-06-30,1995,1995,1935,1970,5077,0.005102040816326481
2020-07-01,1975,1975,1915,1945,13250,-0.012690355329949221
2020-07-02,1964,1975,1904,1945,8659,0.0
2020-07-03,1960,1960,1894,1935,5702,-0.005141388174807249
2020-07-06,1940,1940,1895,1905,9532,-0.015503875968992276
2020-07-07,1905,1910,1865,1870,7334,-0.018372703412073532
2020-07-08,1874,1894,1860,1875,4494,0.002673796791443861
2020-07-09,1910,1930,1870,1915,5275,0.021333333333333426
2020-07-10,1930,1950,1890,1930,8872,0.007832898172323688
2020-07-13,1930,1940,1905,1930,6607,0.0
2020-07-14,1975,1975,1900,1910,10676,-0.010362694300518172
2020-07-15,1905,1925,1890,1915,8550,0.002617801047120505
2020-07-16,1910,1910,1850,1900,24680,-0.007832898172323799
2020-07-17,1900,1924,1880,1925,8127,0.013157894736842035
2020-07-20,1925,1925,1885,1900,4604,-0.012987012987012991
2020-07-21,1900,1910,1875,1905,8900,0.002631578947368318
2020-07-22,1890,1935,1890,1905,12598,0.0
2020-07-23,1905,1920,1895,1910,9273,0.002624671916010568
2020-07-24,1905,2150,1895,1990,60001,0.041884816753926746
2020-07-27,2040,2060,1970,1980,51440,-0.005025125628140725
2020-07-28,1990,1995,1960,1970,18603,-0.005050505050505083
2020-07-29,1995,2030,1960,1985,28501,0.0076142131979695105
2020-07-30,1995,2035,1975,2020,28716,0.017632241813602123
2020-07-31,2030,2030,2000,2000,26516,-0.00990099009900991
2020-08-03,2000,2010,1965,1990,12124,-0.0050000000000000044
2020-08-04,1980,2024,1964,2005,21288,0.007537688442211143
2020-08-05,2020,2020,1970,1980,10678,-0.012468827930174564
2020-08-06,2040,2075,2005,2050,108665,0.03535353535353525
2020-08-07,2075,2075,2005,2010,42533,-0.019512195121951237
2020-08-10,1994,2030,1980,1995,50003,-0.007462686567164201
2020-08-11,2000,2025,1974,1995,30586,0.0
2020-08-12,1995,1995,1965,1990,21554,-0.0025062656641604564
2020-08-13,1990,2020,1965,2000,19122,0.005025125628140614
2020-08-14,2000,2030,1960,2010,65110,0.004999999999999893
2020-08-18,2005,2005,1875,1880,45565,-0.06467661691542292
2020-08-19,1925,1940,1885,1920,21565,0.02127659574468077
2020-08-20,1895,1930,1844,1865,17374,-0.02864583333333337
2020-08-21,1865,1905,1860,1880,4880,0.008042895442359255
2020-08-24,1875,1880,1840,1850,13890,-0.015957446808510634
2020-08-25,1850,1905,1845,1900,45535,0.027027027027026973
2020-08-26,1900,1910,1870,1895,9985,-0.0026315789473684292
2020-08-27,1915,1915,1865,1890,9816,-0.0026385224274406704
2020-08-28,1870,1900,1860,1860,17856,-0.015873015873015928
2020-08-31,1885,1900,1825,1870,20909,0.005376344086021501
2020-09-01,1870,1900,1845,1855,18480,-0.008021390374331583
2020-09-02,1860,1860,1845,1855,8102,0.0
2020-09-03,1860,1880,1850,1860,12504,0.0026954177897573484
2020-09-04,1845,1854,1805,1815,39167,-0.024193548387096753
2020-09-07,1825,1845,1805,1805,43537,-0.0055096418732781816
2020-09-08,1820,1820,1790,1790,27673,-0.008310249307479256
2020-09-09,1790,1820,1780,1815,22678,0.013966480446927276
2020-09-10,1815,1900,1815,1880,31214,0.03581267217630857
2020-09-11,1880,1895,1850,1865,12092,-0.007978723404255317
2020-09-14,1880,1900,1864,1885,14389,0.01072386058981234
2020-09-15,1900,1900,1870,1885,11972,0.0
2020-09-16,1895,1895,1860,1880,18420,-0.0026525198938992522
2020-09-17,1880,1885,1845,1870,13410,-0.005319148936170248
2020-09-18,1870,1880,1835,1870,22162,0.0
2020-09-21,1870,1870,1795,1820,25809,-0.0267379679144385
2020-09-22,1815,1880,1800,1860,43283,0.0219780219780219
2020-09-23,1880,1895,1844,1865,15651,0.0026881720430107503
2020-09-24,1860,1860,1805,1815,8559,-0.02680965147453085
2020-09-25,1815,1815,1795,1805,9186,-0.0055096418732781816
2020-09-28,1820,1825,1805,1820,7085,0.008310249307479145
2020-09-29,1830,1830,1805,1810,5472,-0.005494505494505475
2020-10-05,1820,1840,1805,1825,5737,0.008287292817679592
2020-10-06,1835,1860,1825,1850,9362,0.013698630136986356
2020-10-07,1850,1850,1810,1830,2523,-0.010810810810810811
2020-10-08,1840,1885,1825,1875,33638,0.024590163934426146
2020-10-12,1890,1900,1860,1875,8952,0.0
2020-10-13,1895,1895,1840,1850,15783,-0.013333333333333308
2020-10-14,1850,1850,1820,1830,6526,-0.010810810810810811
2020-10-15,1830,1840,1810,1840,8159,0.005464480874316946
2020-10-16,1840,1890,1825,1890,34620,0.02717391304347827
2020-10-19,1890,1890,1850,1885,7496,-0.002645502645502673
2020-10-20,1880,1890,1854,1875,15030,-0.0053050397877983935
2020-10-21,1875,1884,1860,1885,9646,0.005333333333333412
2020-10-22,1875,1900,1865,1900,10169,0.007957559681697646
2020-10-23,1895,1895,1880,1885,5097,-0.007894736842105288
2020-10-26,1865,1885,1855,1870,2297,-0.007957559681697646
2020-10-27,1865,1865,1825,1830,6433,-0.021390374331550777
2020-10-28,1825,1840,1825,1840,2183,0.005464480874316946
2020-10-29,1825,1830,1810,1830,4286,-0.005434782608695676
2020-10-30,1840,1894,1840,1855,37975,0.013661202185792254
2020-11-02,1855,1880,1844,1865,4840,0.005390835579514919
2020-11-03,1864,1880,1850,1865,911,0.0
2020-11-04,1870,1895,1840,1880,9953,0.008042895442359255
2020-11-05,1900,1905,1870,1895,13771,0.007978723404255428
2020-11-06,1915,1915,1875,1900,4760,0.0026385224274405594
2020-11-09,1900,1900,1880,1900,12672,0.0
2020-11-10,1880,1900,1880,1900,10568,0.0
2020-11-11,1900,1925,1885,1910,10394,0.0052631578947368585
2020-11-12,1925,1950,1910,1950,23140,0.020942408376963373
2020-11-13,1960,1960,1920,1950,8968,0.0
2020-11-16,1940,1955,1930,1940,7171,-0.00512820512820511
2020-11-17,1965,2160,1965,2100,139043,0.08247422680412364
2020-11-18,2150,2160,2060,2090,47678,-0.004761904761904745
2020-11-19,2080,2145,2055,2125,50100,0.01674641148325362
2020-11-20,2105,2130,2095,2120,10302,-0.0023529411764705577
2020-11-23,2115,2115,2075,2085,23081,-0.01650943396226412
2020-11-24,2080,2085,2050,2065,14501,-0.00959232613908878
2020-11-25,2065,2090,2055,2055,24670,-0.004842615012106588
2020-11-26,2090,2090,2050,2075,14345,0.009732360097323589
2020-11-27,2075,2110,2065,2105,8266,0.014457831325301207
2020-11-30,2105,2150,2065,2130,20304,0.01187648456057011
2020-12-01,2130,2155,2125,2145,14457,0.007042253521126751
2020-12-02,2140,2165,2120,2160,12130,0.006993006993007089
2020-12-03,2160,2180,2125,2175,14259,0.00694444444444442
2020-12-04,2175,2185,2150,2185,30217,0.0045977011494253706
2020-12-07,2190,2200,2140,2145,32262,-0.01830663615560646
2020-12-08,2165,2165,2105,2115,19252,-0.013986013986013957
2020-12-09,2130,2160,2125,2160,18959,0.02127659574468077
2020-12-10,2140,2180,2140,2155,19544,-0.0023148148148147696
2020-12-11,2175,2175,2135,2155,21637,0.0
2020-12-14,2155,2185,2125,2150,23573,-0.002320185614849146
2020-12-15,2160,2160,2125,2150,22735,0.0
2020-12-16,2145,2190,2140,2170,19255,0.009302325581395321
2020-12-17,2200,2215,2150,2170,26510,0.0
2020-12-18,2185,2210,2155,2170,11030,0.0
2020-12-21,2195,2230,2155,2195,18872,0.011520737327188835
2020-12-22,2215,2225,2185,2215,13354,0.009111617312072884
2020-12-23,2230,2420,2215,2375,90853,0.07223476297968401
2020-12-24,2400,2420,2335,2370,27087,-0.002105263157894721
2020-12-28,2360,2365,2330,2355,19311,-0.006329113924050667
2020-12-29,2330,2330,2245,2280,27907,-0.031847133757961776
2020-12-30,2290,2300,2270,2295,9199,0.006578947368421018
2021-01-04,2280,2280,2215,2250,14212,-0.019607843137254943
2021-01-05,2250,2250,2175,2185,21019,-0.028888888888888853
2021-01-06,2205,2300,2105,2120,49726,-0.029748283752860427
2021-01-07,2125,2150,2080,2110,45964,-0.004716981132075526
2021-01-08,2130,2160,2120,2145,45230,0.016587677725118377
2021-01-11,2145,2155,2055,2070,55388,-0.034965034965035
2021-01-12,2070,2070,2030,2040,25369,-0.01449275362318836
2021-01-13,2055,2080,2030,2070,17814,0.014705882352941124
2021-01-14,2055,2080,2050,2075,12184,0.0024154589371980784
2021-01-15,2085,2140,2080,2090,20126,0.0072289156626506035
2021-01-18,2100,2110,2060,2060,13563,-0.014354066985645897
2021-01-19,2090,2090,2050,2060,12723,0.0
2021-01-20,2060,2100,2040,2055,11832,-0.0024271844660194164
2021-01-21,2045,2105,2025,2075,30882,0.009732360097323589
2021-01-22,2095,2095,2060,2065,12651,-0.004819277108433773
2021-01-25,2080,2100,2060,2085,11732,0.009685230024213176
2021-01-26,2105,2110,2045,2090,26280,0.0023980815347721673
2021-01-27,2095,2095,2055,2060,9352,-0.014354066985645897
2021-01-28,2035,2060,2015,2045,18422,-0.007281553398058249
2021-01-29,2040,2055,1975,1990,19215,-0.02689486552567233
2021-02-01,1970,1995,1955,1990,11916,0.0
2021-02-02,2010,2040,1985,1990,17920,0.0
2021-02-03,1985,2030,1980,1995,10632,0.002512562814070307
2021-02-04,2000,2015,1985,2000,14228,0.0025062656641603454
2021-02-05,2020,2030,1995,2020,13639,0.010000000000000009
2021-02-08,2035,2050,2010,2050,11942,0.014851485148514865
2021-02-09,2050,2055,2024,2045,19369,-0.0024390243902439046
2021-02-10,2045,2060,2010,2060,18373,0.007334963325183352
2021-02-15,2060,2115,2040,2085,54583,0.012135922330097193
2021-02-16,2095,2095,2060,2070,19454,-0.007194244604316502
2021-02-17,2065,2095,2044,2085,17179,0.007246376811594235
2021-02-18,2080,2105,2070,2080,38768,-0.0023980815347721673
2021-02-19,2090,2170,2080,2150,27989,0.033653846153846256
2021-02-22,2175,2235,2160,2220,29619,0.032558139534883734
2021-02-23,2215,2290,2200,2240,30776,0.009009009009008917
2021-02-24,2240,2270,2150,2175,17370,-0.029017857142857095
2021-02-25,2225,2225,2155,2220,22983,0.020689655172413834
2021-02-26,2170,2280,2170,2235,31859,0.006756756756756799
2021-03-02,2285,2440,2185,2255,149236,0.008948545861297452
2021-03-03,2280,2480,2245,2280,271736,0.011086474501108556
2021-03-04,2290,2290,2240,2280,36225,0.0
2021-03-05,2255,2270,2235,2235,18035,-0.019736842105263164
2021-03-08,2240,2270,2235,2235,13203,0.0
2021-03-09,2215,2260,2180,2200,15879,-0.015659955257270708
2021-03-10,2245,2245,2185,2210,18005,0.00454545454545463
2021-03-11,2210,2230,2180,2230,24924,0.009049773755656076
2021-03-12,2240,2280,2220,2240,21103,0.004484304932735439
2021-03-15,2240,2315,2220,2255,33611,0.006696428571428603
2021-03-16,2255,2265,2230,2245,22804,-0.0044345898004434225
2021-03-17,2240,2255,2220,2235,21797,-0.0044543429844098315
2021-03-18,2235,2245,2225,2235,20188,0.0
2021-03-19,2215,2250,2215,2250,26739,0.006711409395973256
2021-03-22,2250,2355,2245,2350,62450,0.04444444444444451
2021-03-23,2350,2785,2315,2585,521030,0.10000000000000009
2021-03-24,2605,2610,2485,2500,178515,-0.03288201160541582
2021-03-25,2505,2945,2480,2720,590845,0.08800000000000008
2021-03-26,2760,2910,2680,2825,201245,0.03860294117647056
2021-03-29,2830,2935,2804,2810,100034,-0.005309734513274322
2021-03-30,2805,2820,2740,2780,61750,-0.010676156583629859
2021-03-31,2750,3320,2740,3065,433021,0.10251798561151082
2021-04-01,3074,3265,3054,3150,160109,0.027732463295269127
2021-04-02,3290,3980,3185,3510,1121466,0.11428571428571432
2021-04-05,3584,4360,3579,4015,992862,0.14387464387464388
2021-04-06,4010,4055,3735,3910,407361,-0.026151930261519296
2021-04-07,3895,3965,3755,3770,201693,-0.03580562659846542
2021-04-08,3760,3810,3460,3645,330062,-0.03315649867374004
2021-04-09,0,0,0,3645,0,0.0
2021-04-12,0,0,0,3645,0,0.0
2021-04-13,0,0,0,3645,0,0.0
2021-04-14,3570,3675,3405,3645,973408,0.0
2021-04-15,3575,3730,3520,3520,773219,-0.03429355281207136
2021-04-16,3490,3935,3485,3675,2107759,0.04403409090909083
2021-04-19,4000,4545,3955,4370,8459549,0.1891156462585033
2021-04-20,4460,4505,4015,4060,2743772,-0.07093821510297482
2021-04-21,4150,4164,4025,4045,787210,-0.003694581280788145
2021-04-22,4045,4070,3805,3900,915905,-0.03584672435105063
2021-04-23,3850,4065,3805,3950,890904,0.012820512820512775
2021-04-26,3980,4040,3875,3905,458166,-0.011392405063291089
2021-04-27,3910,3930,3755,3870,691180,-0.008962868117797673
2021-04-28,3870,3950,3740,3745,715461,-0.03229974160206717
2021-04-29,3975,4790,3800,3950,11311293,0.05473965287049398
2021-04-30,3800,3845,3570,3570,1841047,-0.09620253164556958
2021-05-03,3570,4330,3425,3895,13081151,0.09103641456582623
2021-05-04,3830,4400,3655,3840,23901415,-0.014120667522464658
2021-05-06,3870,3995,3735,3770,3271722,-0.01822916666666663
2021-05-07,3770,3820,3670,3685,1268068,-0.022546419098143256
2021-05-10,3725,3775,3670,3670,832840,-0.004070556309362261
2021-05-11,3670,3670,3565,3600,708397,-0.019073569482288777
2021-05-12,3625,4350,3610,4020,25392893,0.1166666666666667
2021-05-13,3930,4050,3810,3850,2546901,-0.04228855721393032
2021-05-14,3970,4010,3725,3725,1879354,-0.03246753246753242
2021-05-17,3735,3760,3645,3645,641801,-0.02147651006711404
2021-05-18,3650,3675,3595,3665,686730,0.005486968449931462
2021-05-20,3645,3710,3625,3665,446499,0.0
2021-05-21,3595,3630,3485,3485,1053662,-0.049113233287858105
2021-05-24,3485,3485,3335,3370,517276,-0.03299856527977041
2021-05-25,3200,3515,3125,3345,2623651,-0.007418397626112738
2021-05-26,3365,3400,3310,3325,794324,-0.005979073243647215
2021-05-27,3335,3350,3290,3335,569867,0.003007518796992459
2021-05-28,3350,3380,3320,3350,487093,0.004497751124437732
2021-05-31,3400,3400,3310,3350,550793,0.0
2021-06-01,3365,3485,3335,3430,1007135,0.023880597014925398
2021-06-02,3435,3490,3415,3450,590107,0.005830903790087438
2021-06-03,3470,3480,3410,3430,447389,-0.005797101449275366
2021-06-04,3440,3510,3390,3450,718640,0.005830903790087438
2021-06-07,3460,3490,3405,3445,489457,-0.0014492753623188692
2021-06-08,3445,3450,3350,3365,662257,-0.023222060957910018
2021-06-09,3370,3445,3345,3370,492197,0.0014858841010401136
2021-06-10,3380,3480,3345,3480,650802,0.03264094955489605
2021-06-11,3500,3515,3420,3435,515835,-0.012931034482758674
2021-06-14,3445,3460,3375,3385,498522,-0.01455604075691408
2021-06-15,3410,3410,3360,3395,390894,0.002954209748892156
2021-06-16,3375,3580,3375,3485,1469550,0.026509572901325384
2021-06-17,3460,3470,3400,3400,558279,-0.024390243902439046
2021-06-18,3405,3420,3370,3370,509001,-0.008823529411764675
2021-06-21,3360,3365,3295,3300,608034,-0.020771513353115778
2021-06-22,3305,3350,3295,3335,340163,0.010606060606060508
2021-06-23,3325,3350,3290,3295,480346,-0.01199400299850073
2021-06-24,3300,3370,3290,3345,376039,0.015174506828528056
2021-06-25,3360,3400,3345,3360,510499,0.004484304932735439
2021-06-28,3360,3475,3360,3475,793102,0.034226190476190466
2021-06-29,3475,3495,3415,3445,658072,-0.008633093525179825
2021-06-30,3465,3575,3435,3540,1327854,0.027576197387518153
2021-07-01,3585,3585,3415,3440,1006645,-0.02824858757062143
2021-07-02,3440,3465,3380,3395,610614,-0.013081395348837233
2021-07-05,3410,3420,3355,3360,439833,-0.010309278350515427
2021-07-06,3365,3380,3350,3360,320069,0.0
2021-07-07,3400,3400,3330,3330,447376,-0.008928571428571397
2021-07-08,3330,3350,3260,3270,584914,-0.018018018018018056
2021-07-09,3265,3265,3110,3195,801297,-0.022935779816513735
2021-07-12,3195,3255,3190,3230,269219,0.010954616588419341
2021-07-13,3230,3275,3230,3235,246508,0.001547987616099089
2021-07-14,3240,3250,3220,3230,157701,-0.0015455950540957941
2021-07-15,3225,3250,3205,3225,276125,-0.001547987616099089
2021-07-16,3210,3250,3200,3250,272910,0.007751937984496138
2021-07-19,3240,3250,3210,3215,154843,-0.010769230769230753
2021-07-20,3195,3240,3160,3185,384960,-0.009331259720062213
2021-07-21,3220,3235,3160,3160,285331,-0.00784929356357933
2021-07-22,3165,3215,3160,3185,182070,0.007911392405063333
2021-07-23,3195,3205,3165,3185,171131,0.0
2021-07-26,3185,3200,3160,3180,154077,-0.0015698587127158659
2021-07-27,3160,3260,3155,3225,415931,0.014150943396226356
2021-07-28,3205,3260,3190,3200,236486,-0.007751937984496138
2021-07-29,3190,3220,3185,3200,140003,0.0
2021-07-30,3210,3210,3105,3120,445210,-0.025000000000000022
2021-08-02,3120,3180,3070,3180,332917,0.019230769230769162
2021-08-03,3150,3170,3105,3105,250407,-0.02358490566037741
2021-08-04,3110,3150,3105,3135,172658,0.009661835748792313
2021-08-05,3115,3210,3115,3190,269798,0.01754385964912286
2021-08-06,3195,3195,3150,3160,122760,-0.009404388714733591
2021-08-09,3140,3160,3115,3130,230572,-0.009493670886076
2021-08-10,3115,3130,3075,3095,355848,-0.011182108626198062
2021-08-11,3085,3150,3045,3070,361478,-0.008077544426494332
2021-08-12,3060,3080,3035,3040,222975,-0.009771986970684043
2021-08-13,3020,3050,2930,2970,439976,-0.023026315789473673
2021-08-17,2940,2995,2900,2975,389112,0.0016835016835017313
2021-08-18,2945,3010,2945,2980,250071,0.001680672268907557
2021-08-19,2980,3000,2870,2890,405609,-0.030201342281879207
2021-08-20,2875,2920,2745,2785,570845,-0.03633217993079585
2021-08-23,2760,2895,2760,2865,398605,0.02872531418312385
2021-08-24,2905,3035,2895,3000,419675,0.04712041884816753
2021-08-25,3020,3020,2960,3015,206692,0.004999999999999893
2021-08-26,3000,3025,2990,3000,128211,-0.00497512437810943
2021-08-27,2960,3030,2960,3000,155064,0.0
2021-08-30,3000,3030,2990,3000,116817,0.0
2021-08-31,3000,3005,2975,2995,192147,-0.0016666666666667052
2021-09-01,2990,3070,2990,3065,188395,0.023372287145241977
2021-09-02,3065,3090,3040,3055,109018,-0.0032626427406199365
2021-09-03,3025,3175,3025,3075,496039,0.00654664484451728
2021-09-06,3105,3135,3035,3075,180114,0.0
2021-09-07,3055,3085,3050,3075,157932,0.0
2021-09-08,3055,3075,3035,3050,141081,-0.008130081300813052
2021-09-09,3050,3590,3020,3200,12009541,0.049180327868852514
2021-09-10,3280,3450,3230,3400,5718571,0.0625
2021-09-13,3410,3485,3350,3410,2468338,0.002941176470588225
2021-09-14,3405,3455,3325,3325,1020942,-0.024926686217008776
2021-09-15,3330,3350,3235,3240,628945,-0.025563909774436122
2021-09-16,3235,3460,3220,3310,1642280,0.021604938271605034
2021-09-17,3275,3420,3260,3395,1411844,0.025679758308157163
2021-09-23,3400,3410,3280,3285,1052765,-0.032400589101620025
2021-09-24,3320,3395,3275,3290,875485,0.0015220700152207556
2021-09-27,3290,3375,3210,3340,663797,0.015197568389057725
2021-09-28,3320,3375,3245,3265,477000,-0.022455089820359264
2021-09-29,3195,3530,3175,3375,6922550,0.03369065849923425
2021-09-30,3360,3365,3235,3260,1411786,-0.034074074074074034
2021-10-01,3240,3280,3090,3090,992502,-0.05214723926380371
2021-10-05,3020,3175,2980,3115,783618,0.008090614886731462
2021-10-06,3090,3185,2980,3005,883727,-0.035313001605136396
2021-10-07,3005,3080,2985,3055,849478,0.016638935108153063
2021-10-08,3065,3135,3020,3050,403285,-0.0016366612111292644
2021-10-12,3030,3150,3030,3095,363694,0.014754098360655776
2021-10-13,3095,3180,3085,3155,270055,0.01938610662358653
2021-10-14,3190,3270,3165,3210,415495,0.017432646592709933
2021-10-15,3245,3360,3225,3315,980272,0.032710280373831724
2021-10-18,3380,3470,3315,3450,1628881,0.040723981900452566
2021-10-19,3460,3515,3390,3455,1048835,0.0014492753623187582
2021-10-20,3445,3605,3435,3575,2246731,0.0347322720694645
2021-10-21,3600,3605,3380,3515,1749026,-0.016783216783216814
2021-10-22,3550,3585,3440,3455,641566,-0.017069701280227556
2021-10-25,3435,3560,3365,3510,814498,0.01591895803183796
2021-10-26,3495,3560,3400,3440,548812,-0.019943019943019946
2021-10-27,3440,3450,3350,3390,467797,-0.014534883720930258
2021-10-28,3390,3420,3275,3275,436202,-0.03392330383480824
2021-10-29,3280,3310,3220,3300,379669,0.007633587786259444
2021-11-01,3280,3335,3250,3260,210936,-0.012121212121212088
2021-11-02,3250,3350,3200,3295,416395,0.010736196319018454
2021-11-03,3295,3340,3255,3295,266418,0.0
2021-11-04,3305,3345,3280,3325,272591,0.009104704097116834
2021-11-05,3335,3410,3300,3310,375523,-0.004511278195488688
2021-11-08,3340,3445,3300,3440,618805,0.0392749244712991
2021-11-09,3460,3460,3350,3385,502270,-0.015988372093023284
2021-11-10,3375,3410,3260,3300,517644,-0.025110782865583436
2021-11-11,3240,3350,3240,3325,448687,0.007575757575757569
2021-11-12,3325,3450,3325,3365,591576,0.012030075187969835
2021-11-15,3390,3390,3275,3290,461555,-0.022288261515601815
2021-11-16,3295,3325,3225,3325,357620,0.010638297872340496
2021-11-17,3300,3330,3235,3280,262718,-0.013533834586466176
2021-11-18,3240,3310,3230,3310,247673,0.009146341463414531
2021-11-19,3285,3325,3265,3310,183093,0.0
2021-11-22,3315,3340,3280,3290,225814,-0.0060422960725075026
2021-11-23,3295,3370,3260,3260,239043,-0.00911854103343468
2021-11-24,3260,3380,3240,3345,478029,0.0260736196319018
2021-11-25,3345,3425,3270,3305,382264,-0.01195814648729443
2021-11-26,3300,3325,3265,3300,232801,-0.001512859304084735
2021-11-29,3220,3280,3150,3220,412635,-0.024242424242424288
2021-11-30,3210,3290,3135,3155,418616,-0.02018633540372672
2021-12-01,3140,3235,3130,3160,307039,0.0015847860538826808
2021-12-02,3125,3165,3100,3125,260473,-0.011075949367088556
2021-12-03,3135,3135,3060,3120,446653,-0.0016000000000000458
2021-12-06,3105,3130,3095,3100,187495,-0.0064102564102563875
2021-12-07,3100,3115,3065,3070,281146,-0.009677419354838679
2021-12-08,3095,3105,3030,3035,389721,-0.01140065146579805
2021-12-09,3050,3085,3040,3085,265514,0.016474464579901094
2021-12-10,3075,3180,3060,3130,418782,0.014586709886547755
2021-12-13,3165,3170,3120,3135,266590,0.0015974440894568342
2021-12-14,3130,3135,3090,3100,109577,-0.011164274322169043
2021-12-15,3125,3125,3085,3100,107258,0.0
2021-12-16,3120,3120,3085,3105,145375,0.001612903225806539
2021-12-17,3100,3115,3080,3100,97036,-0.0016103059581320522
2021-12-20,3100,3100,3050,3055,164056,-0.014516129032258074
2021-12-21,3060,3060,3000,3015,208846,-0.013093289689034338
2021-12-22,3045,3045,2980,3010,246085,-0.0016583747927031434
2021-12-23,3010,3025,2995,3020,85436,0.0033222591362125353
2021-12-24,3000,3055,3000,3030,100764,0.0033112582781456013
2021-12-27,3030,3040,2990,3005,269814,-0.008250825082508295
2021-12-28,3015,3060,3015,3060,150056,0.01830282861896837
2021-12-29,3020,3030,3000,3015,120341,-0.014705882352941124
2021-12-30,3020,3030,3005,3020,90995,0.0016583747927032544
2022-01-03,3025,3030,2995,3000,141925,-0.0066225165562914245
2022-01-04,3010,3025,2980,3005,180510,0.0016666666666667052
2022-01-05,3010,3010,2970,2980,214886,-0.008319467554076532
2022-01-06,2980,2990,2950,2950,168098,-0.010067114093959773
2022-01-07,2930,2960,2930,2950,82227,0.0
2022-01-10,2950,2965,2910,2925,107643,-0.008474576271186418
2022-01-11,2915,2935,2830,2830,329628,-0.032478632478632474
2022-01-12,2830,2890,2820,2875,150659,0.01590106007067127
2022-01-13,2880,2885,2840,2880,96587,0.0017391304347826875
2022-01-14,2875,2875,2805,2820,174419,-0.02083333333333337
2022-01-17,2810,2810,2760,2775,208335,-0.015957446808510634
2022-01-18,2755,2795,2715,2740,219545,-0.012612612612612595
2022-01-19,2730,2765,2700,2755,238774,0.005474452554744547
2022-01-20,2750,2830,2740,2830,129779,0.02722323049001818
2022-01-21,2790,2805,2760,2770,120128,-0.021201413427561877
2022-01-24,2755,2770,2715,2735,169357,-0.012635379061371799
2022-01-25,2730,2750,2640,2670,415771,-0.02376599634369292
2022-01-26,2655,2710,2640,2700,102571,0.011235955056179803
2022-01-27,2700,2705,2590,2670,313954,-0.011111111111111072
2022-01-28,2620,2730,2620,2725,335133,0.020599250936329527
2022-02-03,2730,2780,2730,2765,136880,0.014678899082568808
2022-02-04,2735,2850,2735,2850,322280,0.030741410488245968
2022-02-07,2850,2850,2800,2820,164153,-0.010526315789473717
2022-02-08,2820,2835,2775,2810,209797,-0.0035460992907800915
2022-02-09,2795,2850,2795,2820,222861,0.003558718861210064
2022-02-10,2840,2845,2795,2830,139021,0.0035460992907800915
2022-02-11,2800,2830,2790,2810,114880,-0.007067137809187329
2022-02-14,2790,2805,2765,2795,106646,-0.005338078291814985
2022-02-15,2795,2805,2700,2735,174755,-0.02146690518783545
2022-02-16,2750,2790,2745,2755,112340,0.007312614259597838
2022-02-17,2780,2820,2725,2750,144449,-0.001814882032667886
2022-02-18,2750,2950,2730,2825,1349692,0.027272727272727337
2022-02-21,2785,2915,2785,2850,502784,0.008849557522123908
2022-02-22,2850,2850,2765,2775,148881,-0.02631578947368418
2022-02-23,2850,2850,2760,2780,203542,0.0018018018018017834
2022-02-24,2775,2775,2660,2685,233086,-0.03417266187050361
2022-02-25,2705,2725,2685,2700,125873,0.005586592178770999
2022-02-28,2700,2725,2690,2720,77942,0.007407407407407307
2022-03-02,2730,2760,2705,2760,149238,0.014705882352941124
2022-03-03,2765,3040,2760,2875,3770558,0.04166666666666674
2022-03-04,2880,2905,2820,2835,640606,-0.013913043478260834
2022-03-07,2845,2855,2760,2770,585612,-0.022927689594356315
2022-03-08,2745,2810,2710,2730,253356,-0.014440433212996373
2022-03-10,2755,2770,2720,2730,218209,0.0
2022-03-11,2720,2775,2720,2765,194817,0.012820512820512775
2022-03-14,2770,2785,2725,2725,155595,-0.01446654611211573
2022-03-15,2730,2740,2700,2705,153996,-0.007339449541284404
2022-03-16,2735,2735,2715,2720,109708,0.005545286506469571
2022-03-17,2740,2755,2725,2740,126346,0.007352941176470562
2022-03-18,2750,2750,2725,2740,93506,0.0
2022-03-21,2750,2930,2750,2825,1336899,0.031021897810219023
2022-03-22,2835,2960,2825,2925,1313994,0.03539823008849563
2022-03-23,2930,2935,2870,2875,429233,-0.017094017094017144
2022-03-24,2865,2960,2860,2940,591701,0.022608695652173827
2022-03-25,2955,2960,2865,2870,494507,-0.023809523809523836
2022-03-28,2870,2895,2840,2870,238425,0.0
2022-03-29,2885,2890,2840,2870,261904,0.0
2022-03-30,2875,2905,2865,2885,339074,0.005226480836237002
2022-03-31,2885,2925,2880,2890,214229,0.0017331022530329143
2022-04-01,2890,2950,2875,2910,396493,0.006920415224913601
2022-04-04,3025,3030,2920,2950,533981,0.013745704467353903
2022-04-05,2960,2960,2905,2915,211225,-0.011864406779661052
2022-04-06,2925,2965,2895,2905,237855,-0.0034305317324184736
2022-04-07,2920,2975,2865,2945,384451,0.013769363166953541
2022-04-08,2945,2945,2880,2905,239916,-0.01358234295415961
2022-04-11,2905,2930,2895,2895,113871,-0.0034423407917383297
2022-04-12,2875,2900,2860,2875,130664,-0.006908462867012077
2022-04-13,2890,2890,2850,2885,110519,0.003478260869565153
2022-04-14,2890,2950,2880,2950,174930,0.022530329289428108
2022-04-15,2940,3015,2915,3000,560993,0.016949152542372836
2022-04-18,3010,3900,2990,3900,42514467,0.30000000000000004
2022-04-19,4240,5070,4095,4715,93100754,0.2089743589743589
2022-04-20,4800,5270,4500,4510,52085199,-0.04347826086956519
2022-04-21,4550,4610,4100,4275,14516311,-0.05210643015521066
2022-04-22,4155,4640,4100,4200,17110978,-0.01754385964912286
2022-04-25,4290,5070,4285,4610,40576440,0.09761904761904772
2022-04-26,4935,5390,4855,4875,44677806,0.057483731019522866
2022-04-27,4625,4625,4050,4070,3081701,-0.16512820512820514
2022-04-28,4070,4085,3900,4085,2078130,0.0036855036855036882
2022-04-29,4035,4255,4035,4130,2573597,0.01101591187270512
2022-05-02,4535,5360,4515,5360,43879519,0.29782082324455206
2022-05-03,6110,6270,5040,5140,34077261,-0.04104477611940294
2022-05-04,5170,5180,4835,4890,8645442,-0.048638132295719894
2022-05-06,4940,5220,4520,4545,10808639,-0.07055214723926384
2022-05-09,4535,5280,4470,4730,39132844,0.040704070407040716
2022-05-10,4990,5020,4325,4405,11296947,-0.06871035940803383
2022-05-11,4415,4760,4355,4720,11142373,0.07150964812712823
2022-05-12,4580,4705,4455,4645,7195252,-0.01588983050847459
2022-05-13,4565,4750,4535,4565,5259212,-0.017222820236813763
2022-05-16,4995,5340,4745,4895,45812245,0.07228915662650603
2022-05-17,4910,4935,4455,4525,7054085,-0.07558733401430029
2022-05-18,4525,4690,4460,4515,7537093,-0.0022099447513812542
2022-05-19,4350,4460,4165,4200,5077950,-0.06976744186046513
2022-05-20,4240,4750,4210,4500,15974144,0.0714285714285714
2022-05-23,4500,4500,4095,4125,4154965,-0.08333333333333337
2022-05-24,4185,4200,3980,3985,3162860,-0.033939393939393936
2022-05-25,4745,4865,4370,4410,47121578,0.1066499372647427
2022-05-26,4525,5100,4510,4720,43584293,0.07029478458049887
2022-05-27,5300,5350,4775,4845,32802528,0.026483050847457612
2022-05-30,4825,5070,4770,4955,15256203,0.02270381836945301
2022-05-31,5010,5020,4690,4690,6981289,-0.05348133198789107
2022-06-02,4650,4775,4590,4635,3774551,-0.011727078891258014
2022-06-03,4635,4645,4490,4545,2567644,-0.01941747572815533
2022-06-07,4565,4660,4430,4450,2529245,-0.020902090209020896
2022-06-08,4455,4465,4260,4365,2384254,-0.019101123595505642
2022-06-09,4320,4355,4115,4185,2266407,-0.04123711340206182
2022-06-10,4125,4315,4040,4050,3121555,-0.032258064516129004
2022-06-13,4050,4435,3985,4210,12647867,0.03950617283950608
2022-06-14,4005,4080,3780,3830,3294157,-0.09026128266033251
2022-06-15,3800,4045,3640,3735,4252258,-0.024804177545691863
2022-06-16,3740,3890,3655,3760,3062411,0.006693440428380271
2022-06-17,3895,3930,3605,3645,3248437,-0.030585106382978733
2022-06-20,3620,3830,3580,3595,4406839,-0.013717421124828544
2022-06-21,3595,3665,3510,3665,1846479,0.01947148817802513
2022-06-22,3615,3770,3420,3420,2453834,-0.06684856753069579
2022-06-23,3385,3425,3195,3215,2232792,-0.059941520467836296
2022-06-24,3120,3345,3110,3305,1739945,0.027993779160186527
2022-06-27,3325,3470,3295,3465,1214128,0.04841149773071107
2022-06-28,3420,3505,3375,3460,866684,-0.0014430014430014682
2022-06-29,3660,3790,3410,3410,3826651,-0.014450867052023142
2022-06-30,3410,3425,3315,3320,882836,-0.02639296187683282
2022-07-01,3285,3320,3130,3165,1169723,-0.04668674698795183
2022-07-04,3150,3295,3090,3170,955787,0.0015797788309637184
2022-07-05,3145,3250,3145,3245,685867,0.023659305993690927
2022-07-06,3205,3215,3095,3135,802063,-0.03389830508474578
2022-07-07,3180,3245,3140,3210,805577,0.02392344497607657
2022-07-08,3250,3330,3200,3300,1262633,0.028037383177569986
2022-07-11,3325,3350,3205,3325,1028233,0.007575757575757569
2022-07-12,3290,3375,3195,3210,1524924,-0.0345864661654135
2022-07-13,3200,3230,3120,3220,564201,0.0031152647975076775
2022-07-14,3190,3255,3170,3225,603502,0.0015527950310558758
2022-07-15,3225,3235,2970,3045,1117669,-0.05581395348837215
2022-07-18,3060,3110,3045,3105,487174,0.019704433497536922
2022-07-19,3080,3160,3065,3140,364637,0.011272141706924366
2022-07-20,3150,3210,3145,3185,414766,0.014331210191082855
2022-07-21,3200,3215,3140,3145,557770,-0.012558869701726816
2022-07-22,3135,3135,3055,3070,541970,-0.02384737678855331
2022-07-25,3070,3125,3060,3060,360834,-0.0032573289902280145
2022-07-26,3055,3100,3035,3100,358952,0.013071895424836555
2022-07-27,3070,3100,3065,3070,253624,-0.009677419354838679
2022-07-28,3100,3115,3065,3070,454478,0.0
2022-07-29,3100,3115,3070,3080,318286,0.0032573289902280145
2022-08-01,3080,3100,3060,3080,260497,0.0
2022-08-02,3070,3075,3030,3035,378593,-0.01461038961038963
2022-08-03,3035,3280,3020,3095,4432163,0.01976935749588149
2022-08-04,3105,3140,3085,3100,479890,0.001615508885298933
2022-08-05,3080,3110,3050,3080,408726,-0.006451612903225823
2022-08-08,3080,3080,3000,3015,607711,-0.02110389610389607
2022-08-09,3025,3040,3005,3010,547021,-0.0016583747927031434
2022-08-10,3010,3040,2950,2985,628625,-0.00830564784053156
2022-08-11,2985,3020,2980,3005,443084,0.00670016750418756
2022-08-12,3010,3075,3005,3030,432855,0.008319467554076532
2022-08-16,3040,3100,3010,3090,650865,0.01980198019801982
2022-08-17,3055,3160,3050,3115,1137290,0.008090614886731462
2022-08-18,3125,3165,3070,3085,761772,-0.009630818619582704
2022-08-19,3100,3140,3070,3130,576025,0.014586709886547755
2022-08-22,3135,3235,3120,3155,1906197,0.007987220447284393
2022-08-23,3135,3220,3075,3125,1071257,-0.009508716323296307
2022-08-24,3125,3170,3055,3170,662072,0.014399999999999968
2022-08-25,3140,3235,3135,3195,614654,0.007886435331230235
2022-08-26,3180,3235,3160,3180,554892,-0.0046948356807511304
2022-08-29,3235,3300,3110,3135,2605255,-0.014150943396226467
2022-08-30,3115,3160,3110,3115,603654,-0.006379585326953707
2022-08-31,3115,3140,3100,3110,361784,-0.0016051364365970988
2022-09-01,3095,3110,3025,3035,708365,-0.024115755627009627
2022-09-02,3030,3070,3000,3040,334778,0.0016474464579900872
2022-09-05,2950,3045,2950,3000,401672,-0.013157894736842146
2022-09-06,2975,3050,2975,3035,256917,0.011666666666666714
2022-09-07,3000,3070,2975,2995,427747,-0.01317957166392092
2022-09-08,2990,3085,2990,3040,432296,0.015025041736226985
2022-09-13,3055,3130,3055,3075,538065,0.011513157894736947
2022-09-14,3000,3120,2985,3100,401961,0.008130081300812941
2022-09-15,3105,3115,3080,3100,360053,0.0
2022-09-16,3050,3095,3010,3025,336964,-0.024193548387096753
2022-09-19,3020,3045,2980,2980,384371,-0.014876033057851235
2022-09-20,2955,3020,2955,3000,262268,0.006711409395973256
2022-09-21,3000,3055,2995,3005,255773,0.0016666666666667052
2022-09-22,3005,3235,2990,3195,5432576,0.06322795341098164
2022-09-23,3220,3265,2970,2970,3288765,-0.07042253521126762
2022-09-26,2890,2940,2805,2860,1545446,-0.03703703703703709
2022-09-27,2770,2890,2605,2720,978920,-0.04895104895104896
2022-09-28,2670,2890,2595,2660,1018349,-0.022058823529411797
2022-09-29,2700,2740,2625,2635,481597,-0.009398496240601517
2022-09-30,2585,2630,2495,2585,545256,-0.018975332068311146
2022-10-04,2590,2700,2590,2700,399366,0.044487427466150864
2022-10-05,2715,2760,2705,2725,360788,0.0092592592592593
2022-10-06,2780,2810,2730,2770,384523,0.016513761467889854
2022-10-07,2760,2805,2705,2755,271506,-0.005415162454873612
2022-10-11,2755,2755,2605,2640,244236,-0.04174228675136116
2022-10-12,2610,2640,2520,2565,302574,-0.02840909090909094
2022-10-13,2560,2565,2400,2400,524656,-0.06432748538011701
2022-10-14,2425,2565,2425,2540,353493,0.05833333333333335
2022-10-17,2480,2560,2455,2540,144574,0.0
2022-10-18,2560,2595,2510,2550,169872,0.003937007874015741
2022-10-19,2560,2585,2505,2520,253292,-0.0117647058823529
2022-10-20,2520,2525,2460,2480,786306,-0.015873015873015928
2022-10-21,2455,2500,2375,2420,423133,-0.024193548387096753
2022-10-24,2510,2510,2450,2495,376972,0.030991735537190035
2022-10-25,2470,2500,2435,2455,192587,-0.01603206412825653
2022-10-26,2455,2455,2400,2400,234280,-0.022403258655804503
2022-10-27,2400,2455,2385,2455,246274,0.022916666666666696
2022-10-28,2455,2470,2380,2435,167043,-0.008146639511201648
2022-10-31,2605,2850,2510,2540,6822255,0.04312114989733051
2022-11-01,2555,2560,2465,2525,690511,-0.0059055118110236116
2022-11-02,2530,2560,2500,2505,510070,-0.007920792079207928
2022-11-03,2450,2535,2450,2525,353725,0.007984031936127733
2022-11-04,2510,2530,2460,2495,301464,-0.011881188118811892
2022-11-07,2490,2675,2480,2655,816858,0.06412825651302612
2022-11-08,2600,2600,2560,2575,492731,-0.030131826741996215
2022-11-09,2570,2610,2570,2580,351047,0.001941747572815622
2022-11-10,2555,2605,2545,2595,234450,0.005813953488372103
2022-11-11,2640,2660,2590,2600,475658,0.0019267822736031004
2022-11-14,2630,2680,2585,2650,702508,0.019230769230769162
2022-11-15,2670,2715,2630,2715,367313,0.02452830188679256
2022-11-16,2750,2785,2710,2715,601636,0.0
2022-11-17,2720,2720,2635,2670,210332,-0.016574585635359074
2022-11-18,2650,2680,2640,2670,146426,0.0
2022-11-21,2670,2685,2590,2590,220946,-0.029962546816479363
2022-11-22,2585,2615,2580,2610,139713,0.007722007722007707
2022-11-23,2665,2665,2605,2615,155461,0.0019157088122605526
2022-11-24,2620,2700,2620,2685,242512,0.026768642447418722
2022-11-25,2710,2755,2670,2755,322071,0.026070763500931182
2022-11-28,2710,2735,2665,2690,223667,-0.023593466424682408
2022-11-29,2650,2730,2650,2730,168682,0.014869888475836479
2022-11-30,2695,2755,2695,2730,229998,0.0
2022-12-01,2740,2770,2730,2755,277893,0.009157509157509125
2022-12-02,2760,2775,2730,2745,211223,-0.003629764065335772
2022-12-05,2745,2785,2730,2740,211547,-0.0018214936247723523
2022-12-06,2685,2720,2660,2710,140468,-0.010948905109489093
2022-12-07,2700,2750,2670,2690,107030,-0.0073800738007380184
2022-12-08,2670,2690,2615,2625,200672,-0.024163568773234223
2022-12-09,2625,2690,2620,2660,190680,0.01333333333333342
2022-12-12,2655,2705,2650,2690,107215,0.011278195488721776
2022-12-13,2690,2760,2675,2745,166244,0.020446096654274992
2022-12-14,2745,2765,2715,2760,127114,0.005464480874316946
2022-12-15,2730,2790,2730,2740,153654,-0.007246376811594235
2022-12-16,2695,2775,2695,2775,169256,0.012773722627737127
2022-12-19,2775,2790,2715,2715,76275,-0.021621621621621623
2022-12-20,2715,2750,2680,2720,150485,0.0018416206261511192
2022-12-21,2740,2750,2705,2715,107526,-0.0018382352941176405
2022-12-22,2745,2770,2740,2755,177200,0.014732965009208066
2022-12-23,2735,2745,2675,2695,157354,-0.02177858439201452
2022-12-26,2670,2690,2640,2685,215428,-0.0037105751391465214
2022-12-27,2670,2775,2665,2770,440656,0.03165735567970196
2022-12-28,2745,2755,2670,2670,126997,-0.03610108303249093
2022-12-29,2670,2700,2520,2545,293443,-0.04681647940074907
2023-01-02,2510,2560,2475,2475,278639,-0.027504911591355596
2023-01-03,2445,2490,2405,2480,233057,0.002020202020202033
2023-01-04,2420,2510,2415,2490,106918,0.0040322580645162365
2023-01-05,2515,2545,2485,2505,199733,0.006024096385542244
2023-01-06,2460,2580,2460,2565,118764,0.0239520958083832
2023-01-09,2575,2700,2575,2655,205471,0.03508771929824572
2023-01-10,2645,2680,2645,2645,121144,-0.0037664783427495685
2023-01-11,2710,2710,2650,2680,148025,0.013232514177693666
2023-01-12,2685,2730,2680,2725,107024,0.01679104477611948
2023-01-13,2715,2800,2715,2770,245257,0.016513761467889854
2023-01-16,2775,2820,2775,2805,211895,0.012635379061371799
2023-01-17,2890,2895,2780,2785,332029,-0.007130124777183555
2023-01-18,2795,2810,2715,2750,112397,-0.012567324955116699
2023-01-19,2750,2775,2720,2770,67615,0.0072727272727273196
2023-01-20,2770,2850,2750,2800,251443,0.010830324909747224
2023-01-25,2800,2830,2765,2770,179531,-0.010714285714285676
2023-01-26,2755,2810,2755,2790,99890,0.0072202166064982976
2023-01-27,2810,2820,2780,2810,212462,0.007168458781362075
2023-01-30,2815,2825,2780,2800,156430,-0.003558718861209953
2023-01-31,2800,2800,2745,2780,104298,-0.0071428571428571175
2023-02-01,2770,2790,2730,2730,119777,-0.017985611510791366
2023-02-02,2735,2775,2735,2755,77836,0.009157509157509125
2023-02-03,2780,2790,2725,2750,143646,-0.001814882032667886
2023-02-06,2785,2850,2740,2850,454753,0.036363636363636376
2023-02-07,2860,2870,2795,2845,253029,-0.0017543859649122862
2023-02-08,2980,3110,2885,2905,2179353,0.02108963093145877
2023-02-09,2920,2925,2840,2905,342942,0.0
2023-02-10,2875,2915,2835,2875,246784,-0.0103270223752151
2023-02-13,2895,2945,2830,2860,213541,-0.00521739130434784
2023-02-14,2845,2900,2840,2880,167119,0.006993006993007089
2023-02-15,2860,2885,2750,2825,314595,-0.01909722222222221
2023-02-16,2805,2820,2775,2810,202535,-0.005309734513274322
2023-02-17,2770,2840,2750,2800,139506,-0.003558718861209953
2023-02-20,2815,2820,2760,2800,79947,0.0
2023-02-21,2785,2850,2785,2815,191678,0.005357142857142838
2023-02-22,2785,2890,2775,2870,385937,0.019538188277087087
2023-02-23,2875,2880,2840,2870,159244,0.0
2023-02-24,2885,2885,2785,2800,148342,-0.024390243902439046
2023-02-27,2745,2790,2745,2790,132261,-0.0035714285714285587
2023-02-28,2790,2820,2780,2800,71889,0.0035842293906809264
2023-03-02,2800,2805,2770,2775,112525,-0.008928571428571397
2023-03-03,2765,2790,2760,2780,116221,0.0018018018018017834
2023-03-06,2780,2795,2765,2790,103615,0.003597122302158251
2023-03-07,2790,2815,2765,2810,147388,0.007168458781362075
2023-03-08,2790,2805,2770,2795,84524,-0.005338078291814985
2023-03-09,2795,2805,2750,2780,131300,-0.00536672629695889
2023-03-10,2745,2765,2700,2715,144063,-0.023381294964028743
2023-03-13,2695,2700,2600,2685,201684,-0.011049723756906049
2023-03-14,2645,2655,2545,2590,225254,-0.035381750465549366
2023-03-15,2590,2625,2585,2605,135386,0.005791505791505891
2023-03-16,2570,2590,2530,2545,123178,-0.02303262955854124
2023-03-17,2600,2605,2545,2565,143339,0.007858546168958647
2023-03-20,2565,2615,2565,2565,75943,0.0
2023-03-21,2575,2595,2540,2580,127075,0.005847953216374213
2023-03-22,2580,2595,2555,2580,109544,0.0
2023-03-23,2585,2590,2545,2570,118751,-0.003875968992248069
2023-03-24,2550,2575,2530,2555,146896,-0.005836575875486361
2023-03-27,2555,2560,2490,2530,165010,-0.009784735812133127
2023-03-28,2515,2600,2515,2555,233896,0.009881422924901129
2023-03-29,2555,2625,2555,2605,192060,0.019569471624266255
2023-03-30,2625,2645,2560,2630,181136,0.009596928982725572
2023-03-31,2690,2730,2655,2670,485469,0.015209125475285079
2023-04-03,2710,2735,2680,2695,227801,0.009363295880149725
2023-04-04,2700,2730,2690,2720,188995,0.00927643784786647
2023-04-05,2720,2730,2680,2715,100333,-0.0018382352941176405
2023-04-06,2715,2715,2665,2690,175418,-0.009208103130755041
2023-04-07,2690,2735,2655,2695,384383,0.0018587360594795044
2023-04-10,2670,2715,2650,2665,202088,-0.011131725417439675
2023-04-11,2665,2680,2610,2680,222604,0.0056285178236397115
2023-04-12,2695,2750,2670,2745,297881,0.02425373134328357
2023-04-13,2795,3375,2780,3075,29501082,0.12021857923497259
2023-04-14,3030,3085,3000,3020,3000087,-0.01788617886178867
2023-04-17,3125,3240,3065,3085,5435735,0.021523178807947074
2023-04-18,3100,3145,3025,3065,1498007,-0.00648298217179899
2023-04-19,3100,3110,2960,3060,1148800,-0.0016313213703099683
2023-04-20,3060,3425,3005,3060,12486926,0.0
2023-04-21,3200,3670,3120,3330,35921321,0.08823529411764697
2023-04-24,3400,3500,3160,3245,4809884,-0.02552552552552556
2023-04-25,3340,3465,3105,3120,4709463,-0.03852080123266566
2023-04-26,3205,3525,3170,3440,19912003,0.10256410256410264
2023-04-27,3360,3550,3195,3205,6362464,-0.0683139534883721
2023-04-28,3330,3765,3240,3450,28572969,0.07644305772230897
2023-05-02,3295,3380,3220,3345,4912036,-0.0304347826086957
2023-05-03,3300,3395,3160,3215,3611202,-0.038863976083707064
2023-05-04,3240,3255,3090,3130,1940123,-0.026438569206842955
2023-05-08,3435,4065,3405,4065,47572469,0.29872204472843444
2023-05-09,4435,4840,4105,4210,94648913,0.035670356703567
2023-05-10,4310,4370,3765,3830,18403941,-0.09026128266033251
2023-05-11,3930,3930,3590,3655,9812169,-0.04569190600522188
2023-05-12,3650,3655,3505,3525,6691142,-0.035567715458276306
2023-05-15,3555,3665,3470,3480,8707077,-0.012765957446808529
2023-05-16,3505,3735,3440,3685,15581809,0.05890804597701149
2023-05-17,3690,3720,3535,3565,4731772,-0.0325644504748982
2023-05-18,3355,3430,3225,3415,4614397,-0.04207573632538575
2023-05-19,3400,3460,3350,3365,2800729,-0.014641288433382083
2023-05-22,3370,3760,3370,3565,13893036,0.059435364041604766
2023-05-23,3565,3690,3505,3620,4695678,0.015427769985974837
2023-05-24,3665,4190,3610,3775,60796233,0.04281767955801108
2023-05-25,3700,3765,3600,3635,8401107,-0.03708609271523178
2023-05-26,3710,3720,3445,3460,6606943,-0.04814305364511695
2023-05-30,3460,3500,3355,3365,2356388,-0.027456647398843903
2023-05-31,3370,3680,3370,3570,8322922,0.06092124814264488
2023-06-01,3505,3600,3465,3525,1975176,-0.012605042016806678
2023-06-02,3525,3585,3465,3470,2206974,-0.015602836879432647
2023-06-05,3510,3975,3510,3715,31231127,0.07060518731988474
2023-06-07,3720,3760,3650,3660,4954140,-0.014804845222072704
2023-06-08,3810,3820,3625,3630,5854959,-0.008196721311475419
2023-06-09,3720,3920,3710,3745,10218128,0.031680440771349794
2023-06-12,3775,3800,3640,3655,2790557,-0.024032042723631464
2023-06-13,3675,3905,3600,3885,13574437,0.06292749658002728
2023-06-14,3820,3975,3700,3850,13002897,-0.009009009009009028
2023-06-15,3875,4070,3815,3940,20966559,0.023376623376623273
2023-06-16,3930,3940,3830,3830,4173903,-0.027918781725888353
2023-06-19,3865,3995,3860,3860,6098254,0.007832898172323688
2023-06-20,3865,3880,3705,3755,2607832,-0.02720207253886009
2023-06-21,3775,3810,3700,3710,2087622,-0.011984021304926817
2023-06-22,3700,3810,3605,3610,2955047,-0.02695417789757415
2023-06-23,3605,3610,3440,3460,2132153,-0.04155124653739617
2023-06-26,3465,3485,3355,3395,1248022,-0.018786127167630062
2023-06-27,3375,3445,3225,3265,2422494,-0.038291605301914555
2023-06-28,3270,3335,3185,3195,1431539,-0.02143950995405819
2023-06-29,3190,3250,3120,3135,1255426,-0.018779342723004744
2023-06-30,3300,3980,3300,3475,51389382,0.10845295055821369
2023-07-03,3605,3650,3490,3500,6776090,0.007194244604316502
2023-07-04,3490,3565,3445,3535,3900701,0.010000000000000009
2023-07-05,3505,3535,3415,3460,1874581,-0.021216407355021172
2023-07-06,3425,3500,3305,3345,1895501,-0.033236994219653204
2023-07-07,3300,3420,3270,3275,1647696,-0.020926756352765308
2023-07-10,3225,3325,3225,3290,919703,0.004580152671755711
2023-07-11,3285,3350,3285,3350,779886,0.01823708206686936
2023-07-12,3355,3385,3305,3335,1410359,-0.004477611940298498
2023-07-13,3365,3430,3320,3330,1610686,-0.0014992503748125774
2023-07-14,3355,3400,3215,3305,2040611,-0.007507507507507505
2023-07-17,3310,3310,3240,3260,808508,-0.013615733736762503
2023-07-18,3350,3480,3215,3240,3211621,-0.006134969325153339
2023-07-19,3255,3275,3155,3175,1011177,-0.020061728395061706
2023-07-20,3210,3250,3160,3190,961223,0.0047244094488188
2023-07-21,3245,3255,3155,3160,861128,-0.009404388714733591
2023-07-24,3195,3200,3020,3075,1151647,-0.026898734177215222
2023-07-25,3075,3105,3010,3020,850138,-0.01788617886178867
2023-07-26,2960,3015,2830,2915,2008237,-0.03476821192052981
2023-07-27,2870,2975,2870,2910,813383,-0.0017152658662092923
2023-07-28,2890,2970,2850,2960,514495,0.01718213058419238
2023-07-31,2950,3025,2945,3015,498455,0.01858108108108114
2023-08-01,3040,3055,2960,2980,867448,-0.011608623548922004
2023-08-02,2975,3030,2935,2955,522737,-0.008389261744966459
2023-08-03,2945,2945,2860,2885,695397,-0.02368866328257191
2023-08-04,2870,2975,2865,2945,500972,0.020797227036395194
2023-08-07,2950,2985,2900,2980,1038495,0.011884550084889645
2023-08-08,3310,3445,3000,3035,13620673,0.01845637583892623
2023-08-09,3000,3095,2920,3045,1500648,0.0032948929159801743
2023-08-10,2995,3115,2980,3010,2004234,-0.011494252873563204
2023-08-11,2980,3090,2980,3055,957739,0.014950166112956742
2023-08-14,3085,3090,3010,3025,590810,-0.009819967266775809
2023-08-16,3020,3020,2870,2885,1068497,-0.046280991735537236
2023-08-17,2845,2875,2755,2830,884266,-0.01906412478336217
2023-08-18,2790,2885,2785,2875,490239,0.01590106007067127
2023-08-21,2875,2925,2860,2900,546619,0.008695652173912993
2023-08-22,2900,3045,2855,2975,1470696,0.02586206896551735
2023-08-23,2970,3050,2950,2990,673994,0.005042016806722671
2023-08-24,3160,3235,3020,3080,6596428,0.030100334448160515
2023-08-25,3140,3450,3140,3200,11685347,0.03896103896103886
2023-08-28,3300,3380,3210,3260,4403717,0.018750000000000044
2023-08-29,3310,3365,3270,3285,2612693,0.0076687116564417845
2023-08-30,3265,3275,3170,3255,1067672,-0.0091324200913242
2023-08-31,3210,3290,3175,3180,806749,-0.02304147465437789
2023-09-01,3200,3215,3120,3120,816585,-0.018867924528301883
2023-09-04,3170,3240,3130,3205,761310,0.027243589743589647
2023-09-05,3165,3220,3135,3140,725299,-0.020280811232449292
2023-09-06,3180,3475,3180,3460,7051452,0.10191082802547768
2023-09-07,3325,3365,3170,3170,2876905,-0.08381502890173409
2023-09-08,3255,3390,3230,3340,4118610,0.05362776025236604
2023-09-11,3345,3415,3250,3350,3144101,0.0029940119760478723
2023-09-12,3400,3410,3250,3280,1545496,-0.020895522388059695
2023-09-13,3350,3750,3345,3400,40639303,0.03658536585365857
2023-09-14,3365,3385,3270,3305,3698372,-0.027941176470588247
2023-09-15,3365,3580,3335,3475,12865757,0.05143721633888054
2023-09-18,3400,3445,3355,3385,2768075,-0.025899280575539585
2023-09-19,3420,3570,3410,3510,5764176,0.03692762186115206
2023-09-20,3545,3580,3380,3395,3082434,-0.03276353276353272
2023-09-21,3300,3330,3175,3195,2586704,-0.05891016200294552
2023-09-22,3120,3395,3100,3215,2471165,0.006259780907668322
2023-09-25,3255,3480,3215,3455,6037458,0.0746500777604977
2023-09-26,3330,3335,3235,3250,2228529,-0.05933429811866864
2023-09-27,3190,3220,3110,3205,1101458,-0.013846153846153841
2023-10-04,3155,3155,2980,2980,1983229,-0.07020280811232449
2023-10-05,3000,3060,2920,2955,1210314,-0.008389261744966459
2023-10-06,2955,3075,2955,3060,1216952,0.035532994923857864
2023-10-10,3160,3290,3150,3215,3265936,0.05065359477124187
2023-10-11,3185,3215,3115,3205,962982,-0.0031104199066873672
2023-10-12,3160,3220,3130,3185,1736975,-0.006240249609984372
2023-10-13,3185,3420,3180,3320,7066422,0.042386185243328045
2023-10-16,3360,3530,3280,3350,9146994,0.009036144578313143
2023-10-17,3310,3395,3235,3385,1972263,0.010447761194029903
2023-10-18,3430,3500,3335,3395,4964484,0.002954209748892156
2023-10-19,3370,3475,3150,3185,3100786,-0.061855670103092786
2023-10-20,3140,3220,3060,3065,1429285,-0.03767660910518056
2023-10-23,3020,3075,3000,3005,815250,-0.019575856443719397
2023-10-24,3060,3165,2990,3150,1206752,0.048252911813643884
2023-10-25,3185,3275,3115,3190,1408088,0.012698412698412653
2023-10-26,3175,3180,3080,3080,771233,-0.03448275862068961
2023-10-27,3045,3115,3030,3040,696291,-0.012987012987012991
2023-10-30,3010,3120,3010,3120,661109,0.026315789473684292
2023-10-31,3085,3125,3015,3030,631593,-0.028846153846153855
2023-11-01,3060,3085,3040,3060,470039,0.00990099009900991
2023-11-02,3095,3140,3085,3125,540563,0.0212418300653594
2023-11-03,3145,3195,3100,3180,783230,0.01760000000000006
2023-11-06,3210,3210,3140,3180,732664,0.0
2023-11-07,3215,3220,3140,3180,836317,0.0
2023-11-08,3205,3205,3120,3125,557397,-0.01729559748427678
2023-11-09,3115,3130,3055,3075,470796,-0.016000000000000014
2023-11-10,3120,3155,3070,3070,542955,-0.001626016260162566
2023-11-13,3070,3090,2990,2990,806387,-0.026058631921824116
2023-11-14,3000,3055,3000,3055,339708,0.021739130434782705
2023-11-15,3055,3080,3030,3065,567455,0.003273322422258529
2023-11-16,3060,3090,3035,3080,338199,0.004893964110929794
2023-11-17,3080,3080,3010,3020,477187,-0.01948051948051943
2023-11-20,3020,3050,3020,3050,188470,0.009933774834437026
2023-11-21,3060,3120,3040,3100,521236,0.016393442622950838
2023-11-22,3080,3110,3070,3100,319470,0.0
2023-11-23,3100,3125,3080,3090,436905,-0.003225806451612856
2023-11-24,3090,3125,3090,3100,202914,0.003236245954692629
2023-11-27,3105,3140,3095,3115,439490,0.004838709677419395
2023-11-28,3120,3175,3115,3155,557561,0.01284109149277679
2023-11-29,3165,3255,3140,3220,1022546,0.020602218700475516
2023-11-30,3205,3275,3195,3265,680132,0.013975155279503104
2023-12-01,3255,3305,3240,3270,1033571,0.0015313935681469104
2023-12-04,3285,3285,3190,3240,471053,-0.00917431192660545
2023-12-05,3210,3300,3210,3250,571540,0.0030864197530864335
2023-12-06,3255,3310,3250,3280,487179,0.009230769230769154
2023-12-07,3270,3390,3270,3280,1627358,0.0
2023-12-08,3285,3295,3245,3255,451797,-0.007621951219512146
2023-12-11,3255,3775,3220,3470,25380043,0.0660522273425499
2023-12-12,3395,3575,3290,3320,6696684,-0.043227665706051854
2023-12-13,3315,3350,3250,3290,1354143,-0.009036144578313254
2023-12-14,3300,3335,3250,3265,952993,-0.0075987841945288626
2023-12-15,3265,3300,3230,3230,633171,-0.01071975497702915
2023-12-18,3265,3455,3240,3325,2395138,0.02941176470588225
2023-12-19,3305,3340,3295,3305,611120,-0.006015037593984918
2023-12-20,3310,3385,3310,3355,922680,0.015128593040847127
2023-12-21,3345,3385,3315,3325,572465,-0.008941877794336861
2023-12-22,3335,3355,3270,3295,524538,-0.009022556390977488
2023-12-26,3320,3345,3280,3320,522980,0.007587253414264028
2023-12-27,3260,3270,3125,3150,977118,-0.051204819277108404
2023-12-28,3180,3190,3140,3180,338970,0.00952380952380949
2024-01-02,3165,3215,3145,3180,417431,0.0
2024-01-03,3180,3185,3120,3150,358751,-0.009433962264150941
2024-01-04,3145,3225,3100,3195,513550,0.014285714285714235
2024-01-05,3180,3220,3170,3200,296605,0.0015649452269170805
2024-01-08,3185,3225,3185,3200,187025,0.0
2024-01-09,3200,3240,3195,3225,259422,0.0078125
2024-01-10,3225,3260,3185,3250,402086,0.007751937984496138
2024-01-11,3275,3310,3250,3310,476168,0.01846153846153853
2024-01-12,3330,3390,3280,3345,1039595,0.010574018126888296
2024-01-15,3380,3420,3320,3320,1031965,-0.007473841554558991
2024-01-16,3350,3410,3280,3330,634666,0.003012048192771122
2024-01-17,3360,3445,3265,3375,2230454,0.013513513513513598
2024-01-18,3460,3550,3315,3320,3705590,-0.016296296296296253
2024-01-19,3285,3385,3270,3370,755600,0.015060240963855387
2024-01-22,3420,3475,3375,3380,1627313,0.0029673590504450953
2024-01-23,3370,3400,3340,3390,618448,0.002958579881656709
2024-01-24,3390,3415,3285,3310,623397,-0.02359882005899705
2024-01-25,3305,3340,3245,3290,565248,-0.0060422960725075026
2024-01-26,3280,3325,3270,3290,209377,0.0
2024-01-29,3260,3300,3230,3280,392983,-0.003039513677811523
2024-01-30,3275,3320,3250,3275,374428,-0.0015243902439023849
2024-01-31,3255,3340,3250,3340,412028,0.01984732824427482
2024-02-01,3305,3435,3290,3425,941157,0.025449101796407136
2024-02-02,3395,3445,3380,3400,700626,-0.007299270072992692
2024-02-05,3420,3445,3380,3395,736669,-0.0014705882352941124
2024-02-06,3380,3415,3315,3315,633836,-0.02356406480117823
2024-02-07,3310,3320,3260,3290,391379,-0.007541478129713397
2024-02-08,3295,3305,3260,3275,298383,-0.00455927051671734
2024-02-13,3275,3315,3260,3315,310649,0.012213740458015376
2024-02-14,3280,3420,3280,3395,889804,0.02413273001508287
2024-02-15,3410,3410,3350,3375,475597,-0.00589101620029453
2024-02-16,3400,3415,3370,3400,434644,0.007407407407407307
2024-02-19,3400,3435,3375,3420,454823,0.00588235294117645
2024-02-20,3410,3445,3370,3375,395312,-0.013157894736842146
2024-02-21,3380,3410,3320,3320,394598,-0.016296296296296253
2024-02-22,3320,3375,3300,3370,465903,0.015060240963855387
2024-02-23,3425,3465,3330,3330,827356,-0.011869436201780381
2024-02-26,3330,3330,3290,3290,303162,-0.012012012012011963
2024-02-27,3295,3350,3210,3255,679770,-0.010638297872340385
2024-02-28,3250,3265,3220,3255,233919,0.0
2024-02-29,3250,3275,3240,3250,239602,-0.001536098310291889
2024-03-04,3240,3285,3240,3250,309283,0.0
2024-03-05,3260,3280,3245,3265,284316,0.004615384615384688
2024-03-06,3260,3315,3250,3255,452636,-0.003062787136294043
2024-03-07,3275,3285,3250,3265,254088,0.003072196620583778
2024-03-08,3275,3300,3265,3280,170542,0.004594180704440953
2024-03-11,3280,3380,3275,3305,481529,0.007621951219512146
2024-03-12,3335,3340,3275,3275,539576,-0.009077155824508298
2024-03-13,3275,3295,3255,3260,283114,-0.004580152671755711
2024-03-14,3260,3270,3230,3245,398926,-0.004601226993865004
2024-03-15,3230,3260,3220,3230,237115,-0.0046224961479198745
2024-03-18,3250,3255,3210,3210,250700,-0.006191950464396245
2024-03-19,3215,3240,3135,3135,445662,-0.02336448598130836
2024-03-20,3145,3180,3135,3150,208409,0.004784688995215225
2024-03-21,3150,3175,3145,3155,214933,0.0015873015873015817
2024-03-22,3160,3200,3160,3195,239940,0.01267828843106189
2024-03-25,3185,3255,3180,3250,353181,0.017214397496087663
2024-03-26,3235,3260,3200,3210,217232,-0.012307692307692353
2024-03-27,3210,3235,3140,3150,288590,-0.01869158878504673
2024-03-28,3165,3235,3145,3235,519088,0.026984126984126888
2024-03-29,3200,3215,3155,3160,293025,-0.023183925811437356
2024-04-01,3155,3205,3140,3185,164385,0.007911392405063333
2024-04-02,3175,3265,3175,3235,388457,0.01569858712715866
2024-04-03,3235,3240,3190,3220,238634,-0.004636785162287493
2024-04-04,3210,3230,3170,3180,318571,-0.012422360248447228
2024-04-05,3170,3195,3165,3165,147841,-0.004716981132075526
2024-04-08,3170,3175,3045,3070,487409,-0.03001579778830965
2024-04-09,3045,3090,3045,3065,190840,-0.0016286644951140072
2024-04-11,3045,3050,2985,3020,177681,-0.014681892332789603
2024-04-12,3030,3045,3000,3010,196529,-0.0033112582781457123
2024-04-15,3000,3105,2990,3030,407667,0.006644518272425293
2024-04-16,3030,3070,2975,3030,349037,0.0
2024-04-17,3005,3035,3000,3005,186449,-0.008250825082508295
2024-04-18,3000,3050,2990,3040,224073,0.011647254575707144
2024-04-19,3020,3095,3010,3030,397543,-0.003289473684210509
2024-04-22,3040,3105,3040,3100,273011,0.02310231023102305
2024-04-23,3070,3410,3070,3120,5116659,0.006451612903225712
2024-04-24,3125,3155,3115,3130,490033,0.0032051282051281937
2024-04-25,3135,3205,3135,3165,866145,0.011182108626198062
2024-04-26,3160,3160,3090,3100,410282,-0.020537124802527673
2024-04-29,3105,3140,3100,3130,172305,0.00967741935483879
2024-04-30,3140,3200,3135,3190,623801,0.019169329073482455
2024-05-02,3175,3200,3155,3190,282437,0.0
2024-05-03,3190,3210,3150,3160,166756,-0.009404388714733591
2024-05-07,3160,3170,3145,3160,170611,0.0
2024-05-08,3150,3195,3150,3170,312996,0.0031645569620253333
2024-05-09,3160,3180,3140,3145,192839,-0.007886435331230235
2024-05-10,3195,3215,3170,3180,240430,0.0111287758346581
2024-05-13,3185,3195,3160,3165,172882,-0.004716981132075526
2024-05-14,3165,3200,3165,3185,288415,0.006319115323854652
2024-05-16,3185,3195,3160,3165,237019,-0.006279434850863463
2024-05-17,3150,3255,3150,3215,941939,0.01579778830963674
2024-05-20,3235,3235,3180,3205,366534,-0.0031104199066873672
2024-05-21,3215,3240,3160,3165,447103,-0.012480499219968744
2024-05-22,3165,3175,3100,3110,384719,-0.017377567140600347
2024-05-23,3120,3120,3055,3080,256677,-0.009646302250803873
2024-05-24,3060,3110,3040,3095,253008,0.004870129870129913
2024-05-27,3100,3115,3055,3080,309800,-0.004846526655896577
2024-05-28,3070,3115,3070,3110,220725,0.009740259740259827
2024-05-29,3135,3380,3115,3205,3651461,0.030546623794212246
2024-05-30,3190,3210,3080,3080,768396,-0.03900156006240252
2024-05-31,3090,3135,3075,3090,340360,0.0032467532467532756
2024-06-03,3090,3145,3090,3125,308083,0.01132686084142387
2024-06-04,3130,3145,3070,3070,389940,-0.01759999999999995
2024-06-05,3070,3090,3050,3085,271045,0.004885993485342022
2024-06-07,3080,3110,3050,3085,267371,0.0
2024-06-10,3070,3190,3065,3160,1068113,0.024311183144246407
2024-06-11,3190,3350,3170,3200,1949030,0.012658227848101333
2024-06-12,3210,3340,3190,3265,1067445,0.020312499999999956
2024-06-13,3280,3295,3210,3270,771347,0.0015313935681469104
2024-06-14,3270,3530,3270,3405,6887902,0.041284403669724856
2024-06-17,3565,3570,3385,3390,2967244,-0.004405286343612369
2024-06-18,3400,3555,3350,3455,2643374,0.019174041297935096
2024-06-19,3410,3455,3295,3295,1317142,-0.04630969609261937
2024-06-20,3295,3315,3225,3235,711870,-0.018209408194233667
2024-06-21,3220,3270,3175,3220,672683,-0.004636785162287493
2024-06-24,3200,3220,3100,3100,775133,-0.037267080745341574
2024-06-25,3105,3125,3100,3105,269818,0.001612903225806539
2024-06-26,3110,3135,3095,3125,285032,0.006441223832528209
2024-06-27,3125,3160,3080,3090,524500,-0.011199999999999988
2024-06-28,3110,3145,3100,3135,281878,0.014563106796116498
2024-07-01,3155,3155,3065,3070,514478,-0.020733652312599715
2024-07-02,3070,3130,3015,3050,1009040,-0.006514657980456029
2024-07-03,3035,3055,3015,3030,486854,-0.006557377049180357
2024-07-04,3030,3035,3020,3020,248716,-0.0033003300330033403
2024-07-05,3025,3050,3020,3025,260371,0.0016556291390728006
2024-07-08,3030,3095,3025,3075,279160,0.016528925619834656
2024-07-09,3055,3085,3040,3055,167896,-0.006504065040650375
2024-07-10,3070,3070,3040,3060,140019,0.0016366612111293755
2024-07-11,3050,3070,3035,3060,191086,0.0
2024-07-12,3055,3060,3040,3045,184293,-0.004901960784313708
2024-07-15,3045,3055,3040,3055,121224,0.003284072249589487
2024-07-16,3050,3060,3020,3020,255593,-0.011456628477905073
2024-07-17,3020,3040,3010,3020,234831,0.0
2024-07-18,3010,3020,2980,3015,510601,-0.0016556291390728006
2024-07-19,3000,3015,2990,3015,187709,0.0
2024-07-22,2990,3025,2990,3010,181340,-0.0016583747927031434
2024-07-23,3010,3035,3005,3030,194783,0.006644518272425293
2024-07-24,3010,3075,3005,3050,191012,0.0066006600660066805
2024-07-25,3035,3060,3025,3025,208174,-0.008196721311475419
2024-07-26,3015,3060,3015,3045,135343,0.006611570247933907
2024-07-29,3040,3070,3030,3055,151919,0.003284072249589487
2024-07-30,3050,3080,3045,3050,300243,-0.0016366612111292644
2024-07-31,3060,3080,3035,3080,237562,0.009836065573770592
2024-08-01,3090,3115,3080,3105,247342,0.008116883116883189
2024-08-02,3080,3100,3040,3060,311271,-0.01449275362318836
2024-08-05,3030,3030,2600,2760,1737674,-0.0980392156862745
2024-08-06,2760,2895,2740,2870,696501,0.03985507246376807
2024-08-07,2845,3025,2845,3025,306774,0.05400696864111487
2024-08-08,3050,3060,2950,2980,322335,-0.014876033057851235
2024-08-09,3020,3040,3010,3020,227503,0.01342281879194629
2024-08-12,3025,3030,2980,2985,141838,-0.011589403973509937
2024-08-13,3000,3000,2950,2975,211745,-0.00335008375209378
2024-08-14,3000,3020,2980,3010,166452,0.0117647058823529
2024-08-16,3020,3025,2990,2995,158426,-0.004983388704318914
